-0.0269518 -0.20296
0.0276008 -0.549391
0.122131 -0.366852
0.247879 -0.298189
0.364297 -0.310872
0.383789 -0.355512
0.421343 -0.397669
0.401266 -0.472713
0.403209 -0.57623
0.428218 -0.661107
0.484593 -0.747669
0.52049 -0.782562
0.533204 -0.734706
0.592285 -0.483421
0.699085 -0.402947
0.781234 -0.193983
0.858547 -0.154043
0.957313 -0.363765
1.01016 -0.567668
1.02665 -0.882915
1.14183 -1.04731
1.23142 -1.49379
1.3767 -1.4621
1.52607 -1.27921
1.69452 -1.13953
1.85487 -1.17058
1.95947 -1.23417
2.11699 -1.31508
2.15209 -1.4066
2.19631 -1.47953
2.23566 -1.529
2.26118 -1.529
2.30793 -1.40469
2.41018 -1.14852
2.4108 -0.932761
2.38273 -0.702537
2.38153 -0.545359
2.32717 -0.416966
2.27445 -0.181055
2.19957 0.0893956
2.11206 0.325269
1.98654 0.469121
1.84541 0.461884
1.74669 0.529566
1.64765 0.509327
1.56914 0.250778
1.43655 0.409578
1.32034 0.738159
1.15956 1.10146
0.944529 1.29177
0.761995 1.47065
0.502996 1.6935
0.22059 1.94765
-0.0144613 1.82927
-0.284963 1.84597
-0.484239 1.86527
-0.654758 1.90436
-0.786108 1.96775
-0.873167 2.04249
-1.10489 2.1217
-1.35039 2.26973
-1.56854 2.31086
-1.79579 2.10203
-2.10367 2.06063
-2.387 2.2226
-2.65915 2.1451
-2.97929 2.1451
-3.21688 2.0833
-3.45233 1.95326
-3.68893 1.87693
-3.87674 1.74669
-4.00084 1.62074
-4.07045 1.61907
-4.15305 1.59164
-4.22263 1.5119
-4.23021 1.45836
-4.14117 1.45168
-4.07092 1.45904
-3.89737 1.50906
-3.57746 1.71068
-3.21027 1.9278
-2.85063 1.93856
-2.58861 1.8984
-2.28681 1.87541
-1.99211 1.82143
-1.72266 1.70555
-1.49141 1.49298
-1.22419 1.32828
-0.996942 1.18838
-0.740553 1.17573
-0.499855 1.32255
-0.227686 1.14611
0.152085 0.954517
0.541676 0.772843
0.930395 0.574687
1.24049 0.403716
1.553 0.167144
1.85205 -0.121612
2.10909 -0.017594
2.42678 -0.035509
2.69637 -0.0670112
2.99112 -0.152824
3.31314 -0.235082
4.10774 0.503048
5.2733 0.9666
6.35263 1.15711
7.43394 1.0901
8.42142 1.48649
9.06768 1.67954
9.73386 1.85684
10.3607 2.04142
11.1002 2.30711
11.9898 2.66665
12.8882 3.25078
13.5899 3.5283
14.3116 3.71558
14.9802 3.8191
15.6738 3.71123
16.2741 3.9944
16.8377 4.30124
17.41 4.5795
17.9297 4.87451
18.4115 4.89761
18.9574 5.18647
19.5723 5.07751
20.1162 5.04919
20.6231 4.95708
21.0605 4.69175
21.4104 4.87773
21.6931 5.05987
22.0444 5.11234
22.4492 5.16766
22.8835 5.23166
23.3751 5.24858
23.9549 5.1057
24.4983 5.16889
24.9477 5.20191
25.5103 5.31814
26.0062 5.51725
26.5703 5.6288
27.2515 5.84725
27.9781 6.09229
28.7308 6.4833
29.3734 6.54183
30.0012 6.51674
30.5622 6.73951
31.1599 6.67465
31.7497 6.31363
32.2786 6.21563
32.7859 6.18046
33.2389 6.10419
33.714 5.91378
34.2558 5.58604
34.7311 5.34542
35.2492 5.49927
35.7466 5.46558
36.2556 5.45163
36.759 5.41825
37.2633 5.54874
37.7494 5.6484
38.2571 5.7336
38.6783 5.81435
39.089 5.99169
39.5446 6.39989
40.0364 6.23952
40.5003 6.24645
41.0744 6.33013
41.7409 6.44227
42.3208 6.50886
42.8764 6.50886
43.3831 6.50712
43.8792 6.47698
44.3826 6.36315
44.8443 6.08758
45.1697 6.03939
45.5025 5.96489
45.8015 5.93741
46.0045 5.94088
46.1688 5.97147
46.2324 6.15791
46.1945 6.25813
46.1601 6.34183
45.9846 6.53347
45.7668 6.71619
45.4903 6.74797
45.2456 6.58985
44.9455 6.34842
44.5411 5.93639
44.2384 5.9188
43.8079 5.71716
43.3848 5.52706
42.9406 5.39443
42.4962 5.41233
42.037 4.97639
41.5856 4.6234
41.0818 4.32805
40.477 4.17661
39.7966 4.30954
39.0982 4.18058
38.4445 3.70177
37.8094 3.25065
37.2847 3.21473
36.7858 3.21095
36.3079 3.36007
35.8557 3.37691
35.3441 3.32921
34.8538 3.28457
34.375 3.22461
33.916 3.1555
33.4889 3.11571
33.0889 3.05341
32.6466 2.99355
32.2099 2.99355
31.8173 2.97152
31.4471 2.92246
31.0122 2.8182
30.5617 2.65503
30.1149 2.5969
29.5817 2.62888
29.0747 2.72847
28.6089 2.95722
28.1367 3.1569
27.6119 3.16776
26.9853 3.12054
26.3603 3.04016
25.2502 2.94583
24.768 2.61294
24.2185 2.88337
23.6823 3.02813
23.1727 3.17629
22.7133 3.54243
22.2698 3.56162
21.7526 3.66454
21.2025 3.34999
20.7433 3.15058
20.3199 2.96116
19.9477 2.66509
19.591 2.64831
19.2357 2.84584
18.8292 3.00617
18.3646 3.0139
17.8381 2.77966
17.1472 3.00986
16.5518 2.99888
16.12 3.11267
15.8593 3.09335
15.4679 3.09533
15.0087 3.24385
14.4676 3.46128
13.8506 3.52328
13.2567 3.45271
12.7009 3.2776
12.1731 3.01549
11.7732 2.77673
11.3919 2.66433
11.1193 2.56342
10.8836 2.36094
10.6504 2.25597
10.4676 2.26432
10.3641 2.26432
10.1395 2.23802
9.95053 2.26863
9.74133 2.11018
9.53413 2.30027
9.28761 2.52708
9.05778 2.76148
8.91273 2.65418
8.81937 2.70118
8.65985 2.78443
8.54926 3.01597
8.41227 3.29305
8.21694 3.32186
8.03511 3.43011
7.83563 3.43011
7.63744 3.39282
7.46642 3.27768
7.24991 3.04346
7.02522 2.81578
6.76722 2.72157
6.4704 2.66239
6.30911 2.63509
6.14576 2.63867
5.93563 2.69712
5.77682 2.91098
5.57489 3.00904
5.37809 2.71411
5.33727 2.36972
5.25712 2.31128
5.20296 2.18598
5.14602 2.04658
5.05482 1.98229
5.07318 1.97582
5.10735 2.00042
5.13501 2.0728
5.19563 2.18111
5.28244 2.22735
5.41242 2.21961
5.58268 2.21188
5.77027 2.18389
5.98658 2.15361
6.08566 2.16571
6.21326 2.22876
6.37268 2.43174
6.49892 2.70002
6.61227 2.77353
6.72391 3.04956
6.87959 3.30037
7.02938 3.44625
7.15702 3.48521
7.24797 3.43233
7.26467 3.30645
7.2354 3.10294
7.20691 2.86012
7.16499 3.0767
7.14449 3.39507
7.11722 3.77075
7.14928 3.63083
7.12495 3.51835
7.06923 3.39205
6.96676 3.28194
6.73947 3.13531
6.44179 3.03755
6.14055 2.95776
6.02452 2.91271
5.88152 2.91436
5.82627 2.98166
5.804 2.94456
5.85597 2.85637
5.82769 2.94702
5.81855 3.07262
5.83113 3.08217
5.80678 2.89046
5.83005 3.08002
5.83114 3.10133
5.7405 2.97767
5.75994 3.5128
5.80561 3.69627
6.14809 4.5419
6.11634 4.61546
6.25253 4.92841
6.50346 5.59461
6.48903 5.48646
6.48047 5.45852
6.49074 5.45852
6.50883 5.45852
6.55124 5.45852
6.59669 5.45852
6.60007 5.45852
6.58185 5.42151
6.69096 5.31472
6.78167 5.29903
6.86316 4.94704
7.12012 4.61966
7.41051 4.45375
7.57926 4.71423
7.74155 4.6145
7.90735 4.63637
7.91669 4.63278
7.8413 4.13208
7.92715 4.10123
7.86835 3.91505
7.8136 3.46737
7.803 3.54458
7.88917 3.88233
8.0004 4.15804
8.15415 4.36649
8.33859 4.63735
8.56033 4.92063
8.72925 4.99598
8.89853 5.22585
8.96376 5.43456
9.0569 5.5879
9.07408 5.5044
9.06659 5.21252
9.09893 5.03455
9.19004 4.97389
9.18204 4.9193
9.23083 4.79823
9.147 4.86626
9.11172 4.7159
9.10492 4.74269
8.99208 4.94933
8.84243 4.91448
8.70949 4.69254
8.5807 4.88613
8.47759 4.99312
8.34444 4.81053
8.3069 4.7709
8.20557 4.74205
8.14499 4.55766
8.15185 4.37398
8.14032 4.23958
8.13118 3.97706
8.03541 3.96582
8.01141 3.83127
8.02254 3.99384
8.00438 3.8653
8.08304 4.34184
8.02283 4.53029
7.89619 4.466
7.82512 4.57957
7.84357 4.7781
7.85161 5.19373
7.84953 4.95422
7.84953 5.01286
7.88978 5.28386
7.92533 4.94051
7.83352 4.78269
7.72752 4.64288
7.61112 4.46875
7.45139 4.27789
7.26658 4.10787
7.10983 4.0782
6.96071 4.05306
6.88463 3.98583
6.85566 3.7573
6.80297 3.8334
6.79708 4.11942
6.7935 4.45158
6.72832 4.18436
6.6857 4.0294
6.64656 3.90768
6.6339 3.92332
6.63477 4.09836
6.65852 3.71434
6.67003 3.38844
6.65395 3.01446
6.59038 3.18654
6.52564 3.41927
6.44419 3.67896
6.4195 3.91209
6.28853 3.9362
6.12455 3.84434
5.93822 3.72457
5.7755 3.42995
5.59881 3.65849
5.4836 3.85896
5.46966 4.14317
5.47548 3.98942
5.47991 3.84506
5.56547 3.83317
5.62645 3.88723
5.80438 4.11632
6.0016 4.35389
6.16129 4.51276
6.31416 4.54486
6.45 4.56054
6.57616 4.54944
6.77408 4.51336
7.00693 4.46101
7.2253 4.37063
7.45481 4.259
7.69278 4.18616
7.96459 4.15981
8.12751 4.13158
8.36235 4.07742
8.42196 4.03111
8.60669 4.05041
8.84624 4.12463
9.09921 4.18682
9.34665 4.29822
9.63478 4.34911
9.86798 4.54756
10.0919 4.62519
10.3528 4.69789
10.7138 4.80771
11.0829 4.93113
11.5053 5.12615
12.013 5.36233
12.57 5.46472
13.0629 5.52905
13.5212 5.53681
14.0624 5.57539
14.5638 5.82374
14.9671 6.00505
15.3625 6.16075
15.7681 6.26306
16.2043 6.3976
16.5521 6.59892
16.9972 6.91978
17.4743 7.23905
17.9837 7.33821
18.555 7.42256
19.0723 7.54508
19.6444 7.65235
20.0144 7.90497
20.4353 7.75093
20.8592 7.67029
21.2435 7.86985
21.6896 7.88409
22.1791 7.68943
22.6486 8.05363
23.0693 8.52626
23.4581 8.34746
23.9002 8.04406
24.2945 8.03306
24.669 8.37103
25.0402 8.46384
25.4097 8.83426
25.7603 8.67706
26.1447 8.55282
26.5617 8.47275
26.8776 8.40306
27.184 8.36756
27.5114 8.40016
27.8473 8.47062
28.2679 8.52818
28.6814 8.53126
29.1248 8.53126
29.584 8.50546
30.0394 8.4616
30.4925 8.40425
30.9883 8.32427
31.4521 8.22101
31.992 8.11185
32.5061 8.02505
33.0114 8.01159
33.5088 8.1876
34.6713 7.90721
35.1638 7.68824
35.5245 7.48412
35.9035 7.16243
36.2439 6.81194
36.54 6.6012
36.8636 6.20976
37.2767 6.00082
37.7005 6.04899
38.1487 5.9307
38.623 6.20776
39.1016 6.47594
39.5348 6.69111
39.8615 6.97657
40.1829 7.16051
40.5175 7.01927
40.8811 6.77808
41.2302 6.73487
41.5985 6.78025
42.0068 6.81709
42.2816 6.85256
42.5326 6.86148
42.7523 6.82256
43.0365 6.61926
43.3299 6.531
43.7387 6.98833
44.0526 7.13491
44.428 6.92528
44.8479 6.75236
45.2568 6.53669
45.6713 6.53385
46.0854 6.57918
46.5504 6.64987
46.9609 6.7755
47.4387 6.80523
47.927 6.69614
48.2925 6.57295
48.7401 6.35738
49.0674 6.1807
49.3753 6.1826
49.7672 6.21657
50.1462 6.24285
50.4845 6.2842
50.7142 6.31437
51.0048 6.32484
51.2103 6.33261
51.4032 6.39374
51.6219 6.45466
51.8392 6.4952
52.0819 6.56529
52.3507 6.63966
52.6023 6.63966
52.7271 6.5638
52.7981 6.51541
52.9453 6.48019
53.0921 6.43115
53.2549 6.37668
53.3836 6.34797
53.4521 6.32653
53.4758 6.29171
53.4002 6.28666
53.389 6.34552
53.3839 6.40877
53.3297 6.46093
53.2178 6.56175
53.1608 6.63158
53.0803 6.85635
53.0538 6.99513
53.0375 7.02731
52.9285 7.00984
52.8094 6.97764
52.703 6.96946
52.5179 7.06705
52.3769 7.19928
52.2647 7.20767
52.1043 7.17267
51.9537 7.08819
51.6852 6.97379
51.4557 6.83014
51.1777 6.75719
51.0212 6.73974
50.875 6.7809
50.7335 6.9975
50.5695 7.16399
50.3559 7.17853
50.147 7.04877
49.8733 6.93473
49.6641 6.97175
49.3872 6.90797
49.1394 6.93962
48.8469 6.85873
48.6674 6.73724
48.4352 6.57417
48.1534 6.36074
47.7969 6.2721
47.4356 6.27379
47.0903 6.26962
46.7466 5.93025
46.373 5.56264
45.9582 5.31702
45.701 5.11069
45.4382 4.89378
45.205 4.90712
44.9749 4.83289
44.7694 4.72636
44.5213 4.6397
44.1993 4.62997
43.9393 4.64939
43.6178 4.70055
43.3344 4.71331
43.0247 4.6917
42.6513 4.71165
42.297 4.82962
42.0366 5.03063
41.8748 5.25468
41.6668 5.29586
41.4148 5.29472
41.1666 5.2654
40.9272 5.2654
40.7298 5.30677
40.531 5.3858
40.3214 5.54491
40.104 5.70453
39.8783 5.80813
39.5868 5.83273
39.4423 5.83273
39.3864 5.81465
39.2614 5.78203
39.0673 5.67702
38.847 5.48836
38.6547 5.52627
38.3848 5.71659
38.0932 5.66137
37.8281 5.48181
37.5958 5.37821
37.2713 5.37821
36.8911 5.49011
36.5549 5.60706
36.3178 5.59926
35.9956 5.60401
35.7123 5.63155
35.3979 5.59148
35.0476 5.52023
34.7299 5.4215
34.4993 5.3173
34.2208 5.28659
33.9697 5.2494
33.7766 5.19012
33.5527 5.13687
33.2689 5.07622
33.1139 5.031
32.9094 4.96615
32.6373 4.87017
32.3942 4.81219
32.1978 4.81498
31.9365 4.87836
31.7008 5.10324
31.4541 5.06173
31.2005 4.69132
30.8895 4.21908
30.6386 4.27417
30.3731 4.24028
30.1399 4.1622
29.921 4.06853
29.6899 4.01716
29.3915 4.04143
29.0926 4.2884
28.7596 4.11892
28.5133 3.72331
28.3112 3.31094
28.1901 3.49161
27.9686 3.49835
27.7862 3.50003
27.6152 3.50003
27.3658 3.47815
27.1263 3.44684
26.8671 3.40899
26.5583 3.38227
26.2536 3.37423
25.9906 3.37423
25.793 3.36314
25.5573 3.30803
25.4076 3.20229
25.3018 3.03292
25.2022 2.82712
25.0756 2.71983
24.8653 2.69444
24.6931 2.73952
24.4625 2.93942
24.1785 2.78312
24.0082 2.74544
23.7952 2.9241
23.6503 2.9199
23.5086 3.11298
23.3603 3.15495
23.2053 3.10233
23.0303 3.01287
22.8713 2.87659
22.7284 2.71551
22.6369 2.40654
22.5236 2.21446
22.3154 2.10424
22.1411 1.99773
21.9566 1.91225
21.7611 1.8606
21.5474 1.8606
21.3647 1.8606
21.2471 1.8606
21.0132 1.83196
20.8183 1.79702
20.5821 1.74264
20.3781 1.69653
20.1332 1.68666
20.0326 1.7078
19.9711 1.7078
19.881 1.71764
19.7442 1.76166
19.535 1.81726
19.3618 1.88872
19.2168 1.98085
19.0159 2.09598
18.7852 2.11704
18.5724 2.1245
18.3164 2.10205
18.068 2.0579
17.8297 2.0361
17.5607 2.07625
17.2967 2.13537
17.0625 2.15712
16.8676 2.13557
16.6908 2.02967
16.5217 1.81745
16.3708 2.11854
16.198 2.43465
15.9997 2.82643
15.7777 2.85759
15.5743 2.96453
15.3943 3.13749
15.2363 3.25078
15.025 3.31139
14.7337 3.30423
14.412 3.28233
14.1526 3.21408
13.9449 3.11087
13.7107 2.96327
13.5262 2.69315
13.3628 2.40752
13.21 2.14671
12.9966 2.02543
12.8159 1.98148
12.7188 2.0171
12.6168 2.24051
12.5457 2.15729
12.4092 1.89526
12.3017 1.81389
12.0616 2.01634
11.8809 2.08979
11.7002 2.13856
11.4993 2.1733
11.2641 2.1733
11.0333 2.15631
10.9084 2.11955
10.7606 2.07445
10.6133 2.02146
10.4668 1.95592
10.3468 1.89803
10.2339 1.81893
10.0371 1.72892
9.79732 1.66884
9.57449 1.62905
9.39548 1.59996
9.19823 1.60164
8.98001 1.55228
8.77484 1.57357
8.57759 1.57025
8.33908 1.60833
8.1318 1.65662
7.9178 1.74766
7.72069 1.88923
7.61145 2.05419
7.5231 2.23436
7.38091 2.29772
7.23792 2.32445
6.98089 2.3101
6.7071 2.27214
6.41059 2.23066
6.21863 2.19894
5.99551 2.15443
5.78169 2.09685
5.58422 2.00659
5.38674 1.93118
5.12886 1.91091
4.99753 1.96162
4.85351 2.09121
4.72471 2.20516
4.63496 2.20516
4.53036 2.19698
4.34898 2.22482
4.17639 2.34408
3.99794 2.46209
3.79364 2.58103
3.59171 2.71438
3.40718 2.89817
3.23616 2.93161
3.09021 2.93161
2.95893 2.93161
2.80061 2.94018
2.63034 2.94018
2.42338 2.91175
2.18181 2.89015
1.99776 2.83673
1.83375 2.72195
1.7114 2.51841
1.59584 2.27655
1.49092 2.09604
1.3755 1.98266
1.24929 1.97469
1.14657 2.01222
1.04872 2.0475
0.873948 2.0475
0.70775 2.06562
0.539562 2.1052
0.343714 2.17251
0.147584 2.22027
-0.0784527 2.30875
-0.253689 2.41383
-0.44587 2.582
-0.657539 2.62421
-0.87286 2.588
-1.06072 2.49876
-1.23366 2.46725
-1.34713 2.30748
-1.54255 2.53633
-1.75812 2.46259
-1.94603 2.18469
-2.12032 1.99224
-2.36797 1.92556
-2.61693 1.95925
-2.8616 2.00696
-3.10365 1.9843
-3.35117 1.91199
-3.58958 1.79402
-3.77252 1.65651
-3.97747 1.51326
-4.07602 1.47918
-4.18877 1.48673
-4.28828 1.53319
-4.30232 1.66433
-4.35968 1.87584
-4.41146 2.08898
-4.48707 2.29284
-4.56071 2.47668
-4.64769 2.59974
-4.758 2.66177
-4.79459 2.64347
-4.78919 2.43421
-4.79261 2.26703
-4.71649 2.30222
-4.62312 2.30222
-4.51651 2.30222
-4.33614 2.31254
-4.05867 2.33457
-3.89191 2.36162
-3.62759 2.35994
-3.4927 2.35994
-3.33647 2.35297
-3.19166 2.3626
-3.03206 2.3626
-2.90031 2.39184
-2.73513 2.43601
-2.4905 2.46351
-2.28984 2.46351
-2.01952 2.4456
-1.7235 2.4456
-1.34432 2.43561
-0.989575 2.40764
-0.597218 2.30792
-0.291215 2.23746
0.0297455 2.1584
0.345766 2.1063
0.648461 2.03243
0.923733 2.00189
1.1777 1.97895
1.44664 1.91939
1.68967 1.82559
1.90601 1.61523
2.10468 1.42671
2.31549 1.42438
2.52842 1.29922
2.68791 1.30424
2.92726 1.40381
3.14627 1.5826
3.35221 1.85813
3.52964 1.94643
3.7491 1.93133
3.88977 2.21687
4.08476 2.3141
4.17818 2.26582
4.27756 2.08201
4.32814 2.02159
4.45981 2.03502
4.64105 1.92746
4.80178 2.32959
5.00582 2.59891
5.11714 2.83744
5.26128 3.17854
5.38746 3.56142
5.50575 3.58354
5.60416 3.46462
5.69995 3.38998
5.80035 3.26327
5.88388 3.11818
5.92551 2.98477
6.06836 2.90492
6.34589 2.92098
6.47345 2.40506
6.58177 2.12694
6.75973 1.89219
6.92229 1.12323
7.10877 0.409033
7.28375 -0.113642
7.47684 -0.302133
7.63453 -0.60147
7.87064 -0.959779
8.10134 -1.38732
8.24491 -1.78902
8.33367 -1.96647
8.49647 -2.44022
8.63828 -3.16418
8.85071 -3.76504
9.12238 -4.38123
9.30151 -4.91539
9.52621 -5.64601
9.67883 -6.08725
9.84959 -6.36051
10.0198 -6.41391
10.1894 -6.53954
10.3568 -6.64342
10.4261 -6.82324
10.4508 -6.89461
10.4106 -7.07007
10.3403 -7.23565
10.2677 -7.29487
10.1986 -7.64024
10.2903 -7.86115
10.3659 -8.07243
10.5666 -8.14172
10.8019 -8.45857
10.9135 -8.84266
10.9754 -9.18482
10.9657 -9.65359
11.0624 -9.83779
11.1417 -10.1301
11.1028 -10.3186
10.9835 -10.4524
10.9331 -10.5156
11.0829 -10.8367
11.3295 -10.9381
11.4634 -10.902
11.5705 -11.0826
11.7261 -11.2791
11.9233 -11.7037
12.1784 -12.0083
12.5126 -12.1104
12.6068 -12.5091
12.8061 -12.8976
13.1416 -13.296
13.432 -13.403
13.5901 -13.3839
13.683 -13.7083
13.7222 -13.883
13.617 -14.506
13.4929 -14.8994
13.3118 -15.2626
13.518 -15.2559
13.2839 -15.8053
13.1431 -16.5279
13.1483 -17.0212
13.2825 -17.3659
13.4615 -17.5432
13.6928 -18.0125
13.8104 -18.2435
14.0175 -18.0914
14.1831 -18.1006
14.2366 -18.0943
14.2909 -17.8969
14.3868 -18.1168
14.447 -18.0454
14.5143 -18.1944
14.5813 -18.3175
14.6497 -18.7965
14.6622 -18.9827
14.6375 -19.1811
14.666 -19.8706
14.7175 -20.4162
14.8271 -20.7971
15.0023 -20.8139
15.1156 -20.8077
15.1735 -20.7515
15.1131 -20.5146
15.0549 -20.5881
14.9561 -20.5451
14.7856 -20.5221
14.5931 -20.4508
14.6172 -20.2693
14.6414 -19.9275
14.6545 -19.7428
14.5336 -19.5701
14.4333 -19.303
14.1301 -19.038
13.7513 -18.8074
13.5152 -18.5992
13.3032 -18.3747
13.0417 -17.9895
12.7261 -18.0877
12.5526 -17.0826
12.6368 -16.2638
12.6228 -15.6786
12.6452 -15.2085
12.6628 -14.8901
12.4 -13.4979
12.1477 -11.8296
11.951 -11.1447
11.7772 -10.8749
11.6475 -10.3405
11.5502 -9.46298
11.4874 -8.99944
11.4447 -8.48822
11.4075 -7.98158
11.3954 -8.04387
11.3405 -7.73524
11.2083 -7.41064
11.0755 -7.19934
10.9616 -6.73805
10.8034 -6.13734
10.6732 -5.51987
10.5814 -5.02607
10.4916 -4.70857
10.382 -4.33485
10.2793 -3.95616
10.134 -3.54372
10.0385 -3.1297
9.976 -2.72362
9.93347 -2.38831
9.84281 -2.07758
9.75986 -1.81343
9.72452 -1.5705
9.64027 -1.37974
9.53053 -1.0809
9.46965 -0.758398
9.41878 -0.504483
9.38578 -0.0889461
9.29281 0.345543
9.231 0.950807
9.08425 1.51249
8.93242 1.96315
8.49006 3.04132
7.87888 4.12377
7.13621 5.23204
6.71062 6.3046
6.43725 7.04306
6.52432 7.42745
6.53389 7.75957
6.51346 8.04751
6.55309 8.42426
6.62081 9.02584
6.6342 9.32027
6.62483 9.37075
6.62264 9.22099
6.58866 9.68932
6.49304 10.0401
6.47971 10.3812
6.54786 10.71
6.67035 10.949
6.71581 11.2346
6.82767 11.6066
6.88621 12.0155
6.84343 12.2382
6.74019 12.5025
6.70547 12.8011
6.64074 13.2014
6.60004 13.519
6.56008 13.8295
6.62681 13.8972
6.69438 14.0533
6.69893 14.2508
6.6874 14.4601
6.69089 14.7508
6.68709 15.0348
6.64548 15.2498
6.54422 15.3529
6.49414 15.5431
6.43207 16.1528
6.40145 16.5342
6.38296 16.8733
6.34655 16.973
6.34655 17.2579
6.33649 17.5244
6.3155 17.7209
6.3155 18.097
6.3671 18.6035
6.39521 19.2528
6.39348 19.7189
6.4436 20.2082
6.44957 20.5214
6.42008 20.8327
6.35847 21.1425
6.29675 21.4703
6.24971 21.8053
6.24232 22.1353
6.27481 22.4455
6.33716 22.7376
6.34323 23.0134
6.29611 23.3371
6.20628 23.6993
6.13178 24.1462
6.09666 24.5318
6.04802 24.6195
6.04251 24.8062
6.08962 24.7645
6.1466 25.1921
6.21515 25.7092
6.31001 26.2684
6.32617 26.7923
6.3135 27.1326
6.3135 27.4516
6.33392 27.7674
6.37084 28.0592
6.44786 28.3468
6.47699 28.6075
6.48518 28.8564
6.52476 29.0819
6.53379 29.3193
6.49419 29.6037
6.43777 29.9166
6.4287 30.2857
6.44925 30.7557
6.48886 31.2309
6.52768 31.4964
6.56698 31.6375
6.53539 31.5348
6.51576 31.5571
6.5677 31.6033
6.50104 31.6198
6.37464 31.5494
6.29646 31.5083
6.26449 31.5532
6.26313 31.4253
6.26151 31.3093
6.27894 31.1888
6.31716 30.9763
6.35654 30.8487
6.39787 30.8068
6.4178 30.8099
6.41626 30.7725
6.38185 30.798
6.34183 30.8221
6.39964 30.8532
6.43088 30.9448
6.45603 31.2001
6.51403 30.9732
6.59103 30.7775
6.68704 30.573
6.64119 30.3759
6.61287 30.0801
6.57404 29.6386
6.51908 29.1617
6.45262 28.8038
6.37449 28.2203
6.30469 27.9092
6.24918 27.8535
6.27975 27.6737
6.31467 27.4206
6.34815 27.1552
6.31514 26.9358
6.26979 26.8199
6.23483 26.4902
6.19955 26.1389
6.1896 25.8672
6.1896 25.7205
6.12066 25.6054
6.15397 25.0043
6.23976 24.7702
6.28821 24.4377
6.33769 24.2315
6.4039 24.091
6.4495 23.8069
6.50565 23.4317
6.55617 23.0452
6.63015 22.6474
6.67304 22.1414
6.65829 21.4289
6.64613 20.8069
6.6324 20.5235
6.6324 19.9126
6.54411 20.0136
6.38373 20.0097
6.25831 19.3899
6.19872 18.8292
6.14596 18.0314
6.13333 17.4865
6.16361 16.9848
6.20071 16.5835
6.25459 16.3836
6.33166 15.9406
6.43303 15.616
6.49194 15.2591
6.54322 14.8842
6.58252 14.4474
6.6162 13.9687
6.63685 13.3932
6.71035 12.8576
6.73351 12.6769
6.67334 12.509
6.559 12.3732
6.55829 12.2589
6.5865 12.1467
6.6224 12.1073
6.64609 11.5687
6.65572 11.2524
6.65572 10.9545
6.75566 10.6258
6.77747 10.2747
6.74666 9.92483
6.66002 9.51982
6.55745 9.09971
6.57298 8.58595
6.59561 8.14279
6.59561 8.06346
6.5727 8.10177
6.53843 7.92233
6.50568 7.7024
6.44073 7.51799
6.40481 7.3812
6.46894 7.31953
6.54957 7.3114
6.56618 7.36239
6.53303 7.43921
6.52196 7.59371
6.50038 7.76602
6.46047 7.82955
6.42372 7.81954
6.37959 7.64282
6.36248 7.8794
6.38347 8.33074
6.31416 8.76996
6.18987 9.17109
6.0672 9.61588
6.02639 10.0326
5.99595 10.4098
5.91616 10.7663
5.8065 11.1364
5.71238 11.5081
5.65497 11.8626
5.55 12.2268
5.42954 12.6582
5.30887 13.1592
5.18567 13.6078
5.07202 14.2213
4.99154 14.5367
4.97776 14.8207
4.91544 14.8983
4.85551 15.0707
4.76928 15.2283
4.73817 15.2758
4.64398 15.1569
4.54718 15.3883
4.44177 15.7892
4.32628 16.0831
4.2443 16.3351
4.20957 16.5715
4.22227 16.7944
4.11577 17.0175
4.01513 17.2589
3.91248 17.6288
3.80245 17.6277
3.71499 17.4325
3.63475 17.386
3.55817 17.3935
3.5441 17.4226
3.55028 17.4635
3.5058 17.5307
3.45854 17.6501
3.35832 17.8787
3.33401 18.026
3.34768 18.0558
3.33422 18.0715
3.29666 18.0583
3.31748 18.0551
3.37612 18.0582
3.41039 18.1828
3.38054 18.3765
3.34694 18.1301
3.34694 17.6369
3.39565 17.1046
3.46217 16.8169
3.51164 16.9359
3.55151 17.0195
3.59182 17.0875
3.60774 17.1533
3.61257 16.7175
3.71803 16.1668
3.81724 15.7929
3.90775 15.457
4.01141 15.1096
4.11764 14.7198
4.1839 14.3338
4.29184 13.8725
4.43263 13.3635
4.49351 12.9216
4.53233 12.5895
4.56475 12.3576
4.62141 12.3811
4.64065 12.2095
4.59882 12.0286
4.62515 11.8859
4.7059 11.7647
4.8113 11.6543
4.95259 11.5931
5.05275 11.454
5.12092 11.5503
5.1552 11.6994
5.14044 11.6751
5.12451 11.2806
5.11978 10.8941
5.09217 10.536
5.02842 10.7075
4.959 10.7341
4.87403 10.7953
4.87348 10.8701
4.89242 11.054
4.92255 11.1976
4.92255 11.0546
4.93477 10.9695
4.96155 10.8822
4.96904 10.7056
4.95704 10.3309
4.95046 10.4663
4.95046 10.4531
4.95046 10.403
4.96128 10.6053
4.96128 10.7368
4.96128 10.8393
4.94096 10.9282
4.91667 11.0219
4.88782 11.208
4.8646 11.4442
4.83396 11.8181
4.78923 12.2868
4.73431 12.281
4.66678 12.109
4.58956 12.1034
4.50399 12.1349
4.41534 12.2094
4.33409 12.3422
4.29632 12.5196
4.28456 12.6651
4.28287 12.7541
4.27837 12.8212
4.2162 12.8914
4.17135 12.9643
4.1188 12.9996
4.07761 12.9996
4.04276 12.9978
4.01014 13.0396
4.02594 13.136
4.11169 13.2831
4.12722 13.5308
4.18486 13.6004
4.24854 13.7692
4.28956 13.8897
4.2858 13.9986
4.2991 14.0545
4.299 14.0621
4.30855 14.0639
4.35637 14.0314
4.35637 13.9334
4.35809 13.7778
4.34741 13.7041
4.32945 13.6735
4.31103 13.6414
4.36439 13.6047
4.36838 13.5626
4.34476 13.5188
4.31381 13.4807
4.27762 13.4824
4.23484 13.5463
4.25675 13.6692
4.37336 13.7901
4.47712 13.9761
4.45136 13.9882
4.51308 13.9882
4.54099 13.9822
4.50352 13.9707
4.47433 13.9707
4.54164 13.9805
4.56325 14.0088
4.5672 14.0088
4.58411 14.0088
4.61548 13.9764
4.65367 13.9231
4.70557 13.8296
4.73021 13.7743
4.73021 13.7408
4.72121 13.7179
4.72121 13.7045
4.72121 13.714
4.68891 13.7687
4.683 13.8619
4.68849 13.9314
4.69003 14.0104
4.69466 14.1298
4.68775 14.2083
4.67525 14.2857
4.6497 14.2857
4.61533 14.2857
4.58519 14.2618
4.57384 14.2038
4.59108 14.0593
4.62436 13.8549
4.66657 13.7389
4.72221 13.7212
4.76778 13.7212
4.79659 13.7286
4.80995 13.7286
4.80995 13.7028
4.80995 13.6563
4.78911 13.5334
