0 0
0 0
0 0
0 0
0.0675 -0.04875
0.0675 -0.04875
0.0675 -0.04875
0.0675 -0.04875
0.0675 -0.04875
0.0675 -0.04875
0.0675 -0.04875
0.0675 -0.04875
0.0675 -0.04875
0.0675 -0.04875
0.0675 -0.04875
0.0675 -0.04875
0.0675 -0.04875
0.0675 -0.04875
0.0675 -0.04875
0.0675 -0.04875
0.07875 0.10125
0.201477 0.0235227
0.195295 0.0377332
0.322795 -0.0335168
0.322795 -0.0335168
0.322795 -0.0335168
0.322795 -0.0335168
0.322795 -0.0335168
0.322795 -0.0335168
0.437341 0.0483014
0.437341 0.0483014
0.534841 -0.0866986
0.534841 -0.0866986
0.534841 -0.0866986
0.534841 -0.0866986
0.534841 -0.0866986
0.534841 -0.0866986
0.534841 -0.0866986
0.534841 -0.0866986
0.534841 -0.0866986
0.555295 0.0621571
0.555295 0.0621571
0.555295 0.0621571
0.555295 0.0621571
0.555295 0.0621571
0.555295 0.0621571
0.555295 0.0621571
0.555295 0.0621571
0.555295 0.0621571
0.555295 0.0621571
0.534841 0.0867026
0.534841 0.0867026
0.598122 -0.0086164
0.598122 -0.0086164
0.598122 -0.0086164
0.598122 -0.0086164
0.598122 -0.0086164
0.598122 -0.0086164
0.598122 -0.0086164
0.598122 -0.0086164
0.598122 -0.0086164
0.598122 -0.0086164
0.598122 -0.0086164
0.598122 -0.0086164
0.598122 -0.0086164
0.598122 -0.0086164
0.598122 -0.0086164
0.558793 -0.0514491
0.483793 -0.0345933
0.483793 -0.0345933
0.528112 0.146088
0.528112 0.146088
0.528112 0.146088
0.528112 0.146088
0.512493 0.338826
0.512493 0.338826
0.512493 0.338826
0.512493 0.338826
0.512493 0.338826
0.493743 0.242992
0.589488 0.249018
0.620522 0.163109
0.620522 0.163109
0.624272 0.301859
0.624272 0.301859
0.624272 0.301859
0.624272 0.301859
0.581919 0.1298
0.619419 -0.0689498
0.728169 0.0623002
0.728169 0.0623002
0.728169 0.0623002
0.748419 -0.00519975
0.654386 0.1173
0.625038 0.205344
0.625038 0.205344
0.631466 0.265381
0.631466 0.265381
0.631466 0.265381
0.631466 0.265381
0.631466 0.265381
0.631466 0.265381
0.631466 0.265381
0.631466 0.265381
0.684648 0.408563
0.659871 0.216265
0.699526 0.0105509
0.728455 0.0898728
0.728455 0.0898728
0.728455 0.0898728
0.728455 0.0898728
0.728455 0.0898728
0.728455 0.0898728
0.728455 0.0898728
0.689138 -0.0942181
0.689138 -0.0942181
0.689138 -0.0942181
0.689138 -0.0942181
0.689138 -0.0942181
0.689138 -0.0942181
0.689138 -0.0942181
0.689138 -0.0942181
0.689138 -0.0942181
0.689138 -0.0942181
0.693455 -0.186264
0.693455 -0.186264
0.693455 -0.186264
0.693455 -0.186264
0.693455 -0.186264
0.693455 -0.186264
0.693455 -0.186264
0.693455 -0.186264
0.74033 -0.068258
0.823279 0.0656869
0.994711 0.2526
1.15372 0.121578
1.15372 0.121578
1.15372 0.121578
1.15372 0.121578
1.15372 0.121578
1.15372 0.121578
1.15372 0.121578
1.08979 0.0443956
1.08979 0.0443956
1.08979 0.0443956
1.15729 -0.116854
1.15729 -0.116854
1.15729 -0.116854
1.15729 -0.116854
1.25703 -0.0201782
1.25703 -0.0201782
1.25703 -0.0201782
1.28573 -0.0705888
1.28695 -0.138038
1.28695 -0.138038
1.28695 -0.138038
1.28695 -0.138038
1.28695 -0.138038
1.28695 -0.138038
1.28695 -0.138038
1.28695 -0.138038
1.28695 -0.138038
1.29651 -0.391808
1.40552 -0.313632
1.37611 -0.563625
1.37611 -0.563625
1.21646 -0.649594
1.21646 -0.649594
1.21646 -0.649594
1.21646 -0.649594
1.18794 -0.52844
1.20004 -0.760329
1.20004 -0.760329
1.20004 -0.760329
1.19955 -0.749079
1.19955 -0.749079
1.15673 -0.623612
1.25133 -0.490084
1.28496 -0.492769
1.28496 -0.492769
1.28496 -0.492769
1.28496 -0.492769
1.28496 -0.492769
1.19321 -0.434815
1.27546 -0.600516
1.27546 -0.600516
1.37568 -0.583208
1.37568 -0.583208
1.35362 -0.583067
1.35384 -0.750615
1.332 -0.75676
1.28465 -0.850702
1.30799 -0.830763
1.4886 -0.778253
1.70659 -0.733114
1.93346 -0.823996
2.17119 -0.986195
2.41144 -1.0716
2.48084 -0.918543
2.47268 -0.96779
2.58111 -0.83768
2.85789 -0.607303
2.89041 -0.59889
3.00538 -0.430294
2.99903 -0.383808
3.04297 -0.38403
3.00545 -0.28511
3.019 -0.234371
3.04888 -0.170096
3.0651 -0.158299
3.14564 -0.117264
3.20482 -0.0500038
3.2907 -0.0805438
3.23774 -0.094176
3.34508 -0.117526
3.5428 -0.081407
3.73994 -0.0498259
3.84266 -0.0458181
3.97447 0.050043
4.12137 0.0805666
4.32372 0.0643046
4.48302 0.116112
4.60405 0.0647883
4.73373 0.0860653
4.82832 0.11573
4.94075 0.0633454
5.05832 0.168064
5.05304 0.261462
5.30524 0.556106
5.30524 0.556106
5.48884 1.02756
5.85653 1.09181
6.12164 1.08561
6.39338 1.18868
6.68231 1.12982
6.96514 1.22765
7.23475 1.21668
7.52888 1.30357
7.74581 1.3106
7.97073 1.36735
8.17211 1.38006
8.403 1.4884
8.65753 1.46507
8.9118 1.5276
9.17511 1.51478
9.42722 1.49646
9.67147 1.49284
9.92108 1.46216
10.2127 1.47717
10.4818 1.45262
10.7194 1.41666
10.9238 1.37783
11.1114 1.29842
11.295 1.27311
11.4668 1.27128
11.6688 1.2321
11.8828 1.1769
12.0538 1.14658
12.2199 1.07789
12.3552 1.03335
12.497 0.958423
12.6472 0.91267
12.7717 0.854212
12.9366 0.772855
13.0291 0.743046
13.127 0.697399
13.2414 0.684859
13.3205 0.655844
13.3765 0.614861
13.4221 0.587911
13.4661 0.577494
13.4822 0.586692
13.4782 0.600454
13.4513 0.57515
13.4568 0.630216
13.4023 0.634171
13.3693 0.625775
13.3261 0.617952
13.2886 0.646299
13.2653 0.674717
13.2283 0.689672
13.22 0.735082
13.2026 0.726858
13.2139 0.799551
13.1923 0.780499
13.1742 0.802075
13.1682 0.841116
13.1424 0.86499
13.1395 0.89731
13.0819 0.914047
13.0341 0.956758
13.0548 0.975514
13.049 1.01642
13.1016 1.04256
13.2236 1.10095
13.3481 1.07947
13.5485 1.1217
13.6992 1.10875
13.901 1.1192
14.0717 1.08239
14.2965 1.05531
14.4897 1.00336
14.7235 0.955359
14.9496 0.930952
15.142 0.895495
15.348 0.85057
15.5528 0.793577
15.7512 0.752267
15.9281 0.677291
16.1261 0.588507
16.3226 0.549297
16.5359 0.456399
16.7204 0.411135
16.92 0.388091
17.1463 0.329391
17.3568 0.29145
17.607 0.20485
17.8549 0.131878
18.1184 0.0908948
18.3938 0.0177576
18.6115 -0.0281174
18.8487 -0.0789566
19.1376 -0.107246
19.3851 -0.181597
19.6574 -0.180971
19.9432 -0.219243
20.2255 -0.267455
20.5413 -0.319686
20.8727 -0.3893
21.1584 -0.467792
21.4236 -0.531891
21.7116 -0.636044
22.0681 -0.73878
22.3732 -0.837086
22.6732 -0.915104
22.9906 -0.972948
23.2858 -1.03821
23.4481 -1.08639
23.7964 -1.21353
24.1337 -1.25181
24.4475 -1.30549
24.7491 -1.33694
25.1301 -1.36232
25.5057 -1.46275
25.8776 -1.54607
26.1884 -1.58889
26.5345 -1.66448
26.8909 -1.76783
27.2468 -1.84649
27.5802 -1.87814
27.8892 -1.89061
28.2697 -1.95451
28.626 -2.01648
29.0277 -2.10071
29.4132 -2.22572
29.8079 -2.24468
30.1708 -2.28402
30.4696 -2.43558
30.816 -2.53363
31.1184 -2.64382
31.3963 -2.64097
31.5603 -2.71616
31.7207 -2.74474
32.0818 -2.39726
31.6772 -2.79055
31.4847 -2.57928
31.6244 -2.70484
31.6159 -2.70531
31.7528 -2.46891
31.853 -2.52323
31.9512 -2.27134
32.1601 -2.31972
32.3062 -2.56565
32.4347 -2.48041
32.4926 -2.4895
32.3673 -2.21265
32.3732 -2.2667
32.3517 -2.26772
32.4216 -2.28437
32.4188 -2.04165
32.5065 -2.00404
32.5241 -2.26717
32.5841 -1.97885
32.6108 -2.00647
32.6076 -2.29444
32.6158 -2.29232
32.6209 -2.26631
32.5908 -2.08367
32.5457 -1.84565
32.5065 -1.72253
32.5539 -1.713
32.6181 -1.7375
32.6511 -1.7769
32.6232 -1.8658
32.6554 -1.90808
32.6945 -2.07572
32.7019 -2.16746
32.6991 -2.14741
32.7386 -2.16519
32.8272 -2.23369
32.9451 -2.46746
32.9785 -2.67982
33.0839 -2.75742
33.0457 -2.70456
33.0031 -2.49116
33.0079 -2.28418
33.0429 -2.33779
33.121 -2.43862
33.0743 -2.44208
33.202 -2.59754
33.2728 -2.72977
33.2095 -2.61889
33.1598 -2.39325
33.2492 -2.43154
33.3751 -2.64345
33.273 -2.46478
33.1742 -2.21305
33.2012 -2.28582
33.301 -2.42184
33.2097 -2.24053
33.1905 -2.02828
33.3507 -2.33603
33.3309 -2.19594
33.3023 -2.00928
33.3976 -2.24218
33.3941 -2.12884
33.3842 -1.94024
33.3476 -1.84369
33.3749 -1.75161
33.4257 -1.98724
33.4191 -1.7656
33.4471 -1.79405
33.4613 -1.80235
33.4943 -1.66667
33.5291 -1.92467
33.5642 -1.70527
33.5716 -1.81316
33.6144 -1.72727
33.6034 -1.49753
33.6269 -1.57366
33.6516 -1.40869
33.6226 -1.33984
33.594 -1.29108
33.6524 -1.15736
33.6906 -1.26589
33.7091 -1.177
33.7527 -1.29427
33.7672 -1.33624
33.7712 -1.40418
33.7544 -1.287
33.8211 -1.38529
33.8254 -1.35007
33.8978 -1.47309
33.889 -1.44953
33.816 -1.36396
33.8881 -1.29341
33.9459 -1.53085
33.9061 -1.36563
34.0277 -1.62449
33.9695 -1.35354
33.9759 -1.50272
33.9432 -1.24043
34.097 -1.54034
34.1211 -1.65294
34.0578 -1.62459
34.0412 -1.49197
33.9891 -1.41886
34.0287 -1.57079
33.9839 -1.51249
34.0007 -1.44246
34.1292 -1.71273
34.0992 -1.54932
34.0616 -1.28409
34.0839 -1.3987
34.1237 -1.26998
34.1489 -1.06866
34.1772 -1.3087
34.1832 -1.16522
34.1656 -1.19326
34.2301 -1.40382
34.1742 -1.26898
34.1599 -1.27239
34.2459 -1.5057
34.2203 -1.34805
34.263 -1.29483
34.3324 -1.54166
34.3315 -1.41539
34.4018 -1.39015
34.4344 -1.49813
34.4449 -1.39376
34.5063 -1.21243
34.5133 -1.15152
34.5464 -1.30922
34.5492 -1.18462
34.4956 -0.997233
34.6356 -1.28512
34.652 -1.31137
34.6208 -1.28061
34.6898 -1.32881
34.7775 -1.50222
34.7522 -1.43371
34.6564 -1.35093
34.6492 -1.40162
34.7278 -1.49777
34.7012 -1.44996
34.6532 -1.35539
34.6363 -1.46278
34.6568 -1.43032
34.6412 -1.29101
34.6195 -1.31968
34.7713 -1.56723
34.7786 -1.52964
34.8336 -1.43695
34.7869 -1.3196
34.7598 -1.30098
34.852 -1.50705
34.8195 -1.51604
34.8827 -1.38666
34.8405 -1.25869
34.8511 -1.31094
34.8629 -1.42227
34.8859 -1.42925
34.8868 -1.32138
34.8498 -1.14753
34.8222 -1.04474
34.8825 -1.24738
34.895 -1.28993
34.8717 -1.21934
34.9065 -1.15702
34.9427 -1.03017
34.9472 -1.26319
34.9884 -1.17792
34.9698 -1.10443
34.9652 -0.929216
34.9771 -0.805357
34.9633 -0.727444
35.0398 -0.964992
35.0904 -0.942914
35.0749 -0.944362
35.0179 -0.961719
35.0042 -0.855517
34.9893 -0.732462
35.054 -0.919543
35.0722 -0.810396
35.0575 -0.995398
35.054 -0.985583
35.0276 -1.01322
35.0532 -0.935868
35.0422 -0.894851
35.0227 -0.843972
35.0313 -0.90145
35.0347 -0.939844
35.0074 -0.93519
35.0663 -1.07035
