0.0121097 0.0224591
0.0172013 0.0642117
0.0630402 0.0794319
0.0359196 0.0642417
0.120177 0.044546
0.201221 0.0338585
0.190602 0.0573187
0.185394 -0.00175618
0.179073 0.0457208
0.182721 0.0261494
0.0973315 0.102343
0.0833545 0.109026
0.0675491 0.0928956
0.0866867 0.0827076
0.0631779 0.0716705
0.052651 0.0658365
0.0492886 0.0961222
0.0517002 0.0302049
0.0724354 0.0298053
0.0555261 0.0355779
0.048207 0.0670248
-0.0053795 0.053261
-0.0198247 0.0763458
-0.0418463 0.119713
-0.0444476 0.138558
-0.0487324 0.117519
-0.0436419 0.0479459
-0.0446145 0.0487284
-0.0845698 0.0850269
-0.0443785 0.0348266
-0.0443546 0.00461447
-0.0423442 0.0252604
-0.0531436 0.00137122
-0.0422866 0.0396569
-0.0806253 0.00739326
-0.0737382 0.0632322
-0.0907619 0.105662
-0.0667127 0.0681556
-0.104132 0.0409567
-0.0835958 -0.000810903
-0.120601 -0.041247
-0.0909216 -0.0990184
-0.119987 -0.0514564
-0.110271 -0.050471
-0.0962515 -0.0044773
-0.0488564 -0.0156754
-0.0658322 0.00391067
-0.0698605 -0.00500576
-0.0988487 -0.0166645
-0.0790685 -0.053358
-0.0719858 -0.0391868
0.0528244 -0.0492458
0.0235459 -0.054445
0.0332762 -0.0327793
0.0534955 -0.0105793
0.04991 -0.00968771
0.0506001 -0.058989
0.0847494 -0.108832
0.0906491 -0.0983677
0.10236 -0.056277
0.123792 0.0396007
0.09766 0.0467727
0.119987 0.0261572
0.126993 0.0300239
0.140992 0.0730015
0.11058 0.0430819
0.0942023 0.0349138
0.0901275 0.093059
0.0939656 0.130946
0.0956843 0.143598
0.0910701 0.0815186
0.111638 0.0869935
0.0849685 0.130828
-0.0432323 0.0857734
-0.0504119 0.157507
-0.130937 0.149867
-0.1026 0.111541
-0.115197 0.162205
-0.131558 0.165729
-0.0877655 0.232115
-0.0911443 0.272093
-0.0304656 0.170588
-0.0761761 0.288131
-0.117594 0.330876
0.00434576 0.322791
0.045769 0.367252
-0.122871 0.276993
-0.118183 0.27337
-0.264671 0.301235
-0.277181 0.372471
-0.358844 0.410644
-0.432176 0.41053
-0.315083 0.418689
-0.273796 0.32874
-0.485927 0.304195
-0.526679 0.370738
-0.457134 0.489281
-0.74377 0.510659
-0.86127 0.515713
-1.01547 0.5474
-1.02945 0.547319
-1.05468 0.533102
-1.08537 0.608763
-1.05734 0.688709
-1.04341 0.698444
-0.977843 0.702655
-0.775949 0.74642
-0.626096 0.70282
-0.467032 0.661543
-0.543636 0.736407
-0.768641 0.684132
-0.986004 0.668037
-0.927808 0.658834
-0.786338 0.708227
-0.723823 0.703935
-0.965363 0.744818
-0.969365 0.800705
-0.840801 0.798001
-0.961487 0.833765
-1.07536 0.866444
-0.89383 0.885789
-1.07203 0.984402
-1.07717 1.01952
-0.995022 1.02666
-1.1841 1.05432
-1.07207 1.07544
-1.17136 1.12358
-1.02874 1.1703
-1.15924 1.14799
-1.09962 1.18514
-1.23497 1.1557
-1.12065 1.14121
-1.12754 1.1581
-1.18795 1.17492
-1.17698 1.20749
-1.11959 1.2566
-1.07748 1.34235
-1.05654 1.36524
-1.04652 1.37148
-1.02877 1.35265
-0.978297 1.37461
-1.01917 1.36526
-1.06181 1.38829
-1.11209 1.44068
-1.11842 1.50914
-1.14044 1.46194
-1.18902 1.48803
-1.23555 1.50454
-1.34535 1.50619
-1.39104 1.5471
-1.41578 1.61701
-1.33924 1.64959
-1.34597 1.72667
-1.38408 1.79607
-1.45775 1.80765
-1.5124 1.85935
-1.54932 1.8393
-1.51547 1.78245
-1.56818 1.71792
-1.49958 1.66171
-1.54986 1.75598
-1.66331 1.8206
-1.68663 1.85957
-1.7283 1.86388
-1.72877 1.84655
-1.83761 1.87619
-1.71185 1.8523
-1.62517 1.87404
-1.66239 1.87066
-1.94558 1.78535
-1.97428 1.75794
-2.10941 1.76535
-2.04635 1.72812
-1.94121 1.73294
-1.82277 1.70271
-1.70161 1.68587
-1.84393 1.65338
-1.91183 1.64478
-1.96631 1.58483
-1.824 1.48948
-1.83027 1.45322
-2.06354 1.44166
-2.02352 1.41974
-2.09605 1.45678
-1.87402 1.37379
-1.90393 1.40977
-1.91358 1.39234
-1.95637 1.38542
-1.85666 1.35794
-1.85865 1.36685
-1.74152 1.30121
-1.70729 1.34801
-1.61704 1.34293
-1.54786 1.31823
-1.57457 1.35189
-1.82115 1.4812
-1.78084 1.51046
-1.72317 1.55888
-1.74393 1.64655
-1.94142 1.68526
-1.94496 1.68251
-1.8201 1.65916
-1.55012 1.55557
-1.18222 1.30404
-0.84623 1.11021
-0.637928 0.924114
-0.444596 0.716632
-0.33714 0.632299
-0.235827 0.588431
-0.18332 0.631267
-0.200825 0.47206
-0.408199 0.201459
-0.605119 0.0620905
-0.553799 0.0636344
-0.33693 0.0667665
-0.237672 0.0420285
-0.268236 0.127434
-0.315712 0.267219
-0.309682 0.441291
-0.310659 0.439261
-0.331251 0.373141
-0.320505 0.332661
-0.361685 0.271579
-0.315259 0.305318
-0.288114 0.417349
-0.31329 0.571222
-0.215479 0.623963
-0.179771 0.604373
-0.27266 0.519065
-0.284117 0.685999
-0.338493 0.672145
-0.360474 0.727988
-0.342117 0.832123
-0.311814 0.943672
-0.263596 1.06752
-0.158445 1.18929
-0.124024 1.14745
-0.000665762 1.25374
0.10775 1.30053
0.174213 1.29608
0.2387 1.34275
0.289116 1.38835
0.360013 1.41117
0.312044 1.45192
0.340656 1.496
0.272241 1.47102
0.259333 1.47281
0.147202 1.47286
0.10648 1.54613
0.120644 1.53997
0.221551 1.57336
0.31726 1.59026
0.403522 1.57098
0.45953 1.57509
0.537255 1.55486
0.717404 1.60835
0.744999 1.5934
0.906737 1.57354
1.03329 1.55402
1.09868 1.53886
1.17253 1.57227
1.22708 1.61746
1.30126 1.67023
1.4448 1.77176
1.51866 1.75481
1.69213 1.77935
1.77452 1.92015
1.97108 1.95149
2.12534 1.8996
2.2498 1.70392
2.41749 1.49471
2.47255 1.21487
2.57109 1.46179
2.79798 1.80982
3.01779 2.01331
3.24705 2.11597
3.511 2.20911
3.71507 2.07242
3.8939 2.00945
4.12335 1.91567
4.30002 1.90677
15.9312 6.00096
16.1072 5.99965
16.2472 6.01516
16.6427 6.04893
17.2204 6.04762
17.3764 6.14746
17.6102 6.19277
17.6967 6.27426
17.7605 6.3577
17.7397 6.53329
17.7284 6.53043
17.7632 6.62788
17.0606 13.681
17.1336 13.7729
17.1551 13.8208
17.0921 14.0998
17.1371 14.1875
17.0658 14.0767
16.8273 14.0653
16.7176 13.9993
16.5627 13.9772
16.3392 14.0086
16.0929 14.0147
15.8382 14.0939
15.5878 14.127
15.3526 14.2118
15.0372 14.26
14.725 14.2784
14.4534 14.2721
14.1873 14.4083
30.3783 5.81298
30.047 5.70465
29.6927 5.43878
29.4514 5.37245
29.3569 5.32221
29.3728 5.1339
29.2665 5.00672
29.1878 5.21495
28.8252 5.3745
28.6702 5.38399
28.1765 5.38607
28.567 5.34903
28.0845 5.37693
28.1094 5.37138
28.046 5.34361
28.6925 5.3758
29.2484 5.3492
28.6474 5.53483
28.4894 5.54692
28.0142 5.67413
27.7195 5.68818
27.2932 5.77386
27.1918 5.93653
27.2456 6.18388
27.4318 6.3465
27.4387 6.53798
27.4703 6.63502
27.3774 6.9649
27.3524 7.27369
27.104 7.55532
26.921 7.67237
26.7699 7.78207
26.6987 8.08173
26.47 7.8796
26.4767 7.92352
26.3589 8.19037
26.1028 9.22585
25.6511 9.10487
24.9726 7.94675
24.3602 7.43143
24.0789 7.84165
23.7185 8.00777
23.2721 7.83598
22.7683 7.67976
22.2421 7.7
21.7207 7.72549
21.146 7.77667
20.5911 7.82614
20.0533 7.84301
19.5962 7.7945
19.2288 7.92573
6.08216 -13.9425
5.66776 -13.8197
5.30865 -13.9098
5.04614 -13.7971
4.72434 -13.6172
4.3611 -13.6522
4.04827 -13.7312
3.76666 -13.6666
3.54716 -13.7024
3.34592 -13.7422
3.14801 -13.7084
2.96649 -13.7318
2.76066 -13.7242
2.57203 -13.7863
2.33032 -13.8354
2.10439 -13.8045
1.95805 -13.8259
1.85932 -13.8171
1.74591 -13.8237
1.6736 -13.8229
1.55075 -13.8013
1.45459 -13.7848
1.35645 -13.7915
1.24581 -13.8072
1.00548 -13.852
0.814728 -13.8535
0.590747 -13.8826
0.271086 -13.867
0.0977279 -13.8434
-0.0740445 -13.8434
-0.269515 -13.8178
-0.543785 -13.8227
-0.722836 -13.8146
-0.949265 -13.7888
-1.10217 -13.753
-1.23244 -13.7117
-1.35133 -13.6958
-1.47286 -13.6383
-1.67282 -13.6238
-1.79262 -13.6469
-2.00427 -13.6247
-2.1758 -13.605
-2.36396 -13.6017
-2.58468 -13.5323
-2.70989 -13.4971
-2.87899 -13.4489
-3.01562 -13.4286
-3.0651 -13.4061
-3.10162 -13.4106
-3.0683 -13.3877
-2.94836 -13.3768
-2.93834 -13.3359
-2.89122 -13.3139
-2.81034 -13.3087
-2.75322 -13.2881
-2.68656 -13.3036
-2.59443 -13.2495
-2.52811 -13.1608
-2.43036 -13.1179
-2.35665 -13.0885
-2.33564 -13.1145
-2.31089 -13.1119
-2.14557 -13.1287
-2.00805 -13.138
-1.86794 -13.1656
-1.81321 -13.1561
-1.77531 -13.1294
-1.67943 -13.1292
-1.59815 -13.0899
-1.48506 -13.0708
-1.3523 -13.0098
-1.20055 -12.884
-0.935515 -12.7997
-0.814232 -12.7621
-0.708021 -12.7853
-0.629654 -12.8426
-0.714849 -12.8132
-0.683726 -12.8146
-0.73817 -12.7918
-0.841973 -12.7247
-0.99976 -12.6497
-1.09277 -12.4388
-1.22972 -12.6873
-1.48183 -12.5478
-1.62424 -12.4232
-1.70542 -12.3936
-1.78782 -12.3714
-1.73681 -12.3928
-1.78767 -12.4097
-1.83238 -12.4632
-1.85182 -12.5467
-1.93682 -12.7273
-2.0033 -12.7917
-2.01839 -12.8371
-2.04198 -12.83
-2.12153 -12.7409
-2.05163 -12.6928
-1.876 -12.3818
-1.87115 -12.1409
-1.79987 -11.7733
-1.80008 -11.7595
-1.80008 -11.6254
-1.79577 -11.3952
-1.80608 -11.2403
-1.77775 -11.1174
-1.87714 -11.03
-1.79057 -11.0365
-1.75704 -11.0035
-1.82103 -10.7059
-1.60913 -10.6043
-1.2054 -10.5423
-0.888698 -10.4131
-0.65422 -10.5023
-0.285443 -10.2159
0.0187587 -10.2837
0.498574 -10.2622
0.828348 -10.3401
0.97289 -10.4086
1.22028 -10.4336
1.33408 -10.3488
1.41416 -10.1232
1.43072 -9.98073
1.48804 -9.87259
1.53975 -9.98876
1.59065 -9.87399
1.66782 -9.80347
1.76799 -9.69549
1.81908 -9.43604
1.85703 -9.31299
1.93464 -9.30536
1.95176 -9.27702
1.93611 -9.32279
1.85737 -9.38674
1.90393 -9.49608
1.93336 -9.53179
1.98673 -9.60264
2.14018 -9.69189
2.27439 -9.76438
2.32212 -9.8157
2.46548 -9.8876
2.56346 -9.71635
2.68822 -9.67084
2.83541 -9.51957
2.97146 -9.68256
3.07798 -9.55255
3.213 -9.6548
3.37386 -9.54127
3.5697 -9.51019
3.81497 -9.55279
4.02485 -9.70321
4.12895 -9.69374
4.28218 -9.69985
4.40148 -9.64192
4.43057 -9.62959
4.31104 -9.61139
4.6196 -9.58089
4.94547 -9.49296
5.12863 -9.53477
5.18749 -9.41441
5.28889 -9.28095
5.5492 -9.32399
5.85872 -9.29889
6.13315 -9.40809
6.40547 -9.4511
6.55905 -9.45818
6.6707 -9.43724
6.86104 -9.41393
7.05676 -9.38685
7.3096 -9.44994
7.61951 -9.51348
7.84795 -9.48053
8.0747 -9.42291
8.31553 -9.33184
8.56121 -9.34954
8.82351 -9.26809
9.09318 -9.26829
9.29771 -9.31381
9.63173 -9.24872
9.89614 -9.28488
10.2213 -9.26764
10.4945 -9.26598
10.8016 -9.26258
11.0756 -9.2089
11.3579 -9.18184
11.5083 -9.11652
11.7046 -9.12876
12.596 -8.90358
12.953 -8.90985
13.5761 -8.75162
13.2222 -8.65038
13.1982 -8.52249
12.8017 -8.46174
13.2731 -8.41082
13.5855 -8.52069
14.1491 -8.54167
14.2142 -8.60254
14.7242 -8.5512
15.079 -8.65564
15.5646 -8.72388
15.1746 -8.83844
15.6173 -8.5953
16.3858 -8.50795
17.2181 -8.66447
18.4598 -8.96078
19.3559 -8.87206
20.587 -8.94765
22.3408 -8.88788
23.2904 -8.90913
23.9213 -9.13642
24.5575 -9.18931
24.8383 -9.25747
25.2466 -9.15146
25.76 -9.32444
26.1237 -9.42846
26.5299 -9.47771
26.8353 -9.66786
27.1181 -9.61508
27.3849 -9.63019
27.7336 -9.5062
27.8848 -9.4941
28.0178 -9.39712
28.22 -9.33294
28.4217 -9.23439
28.71 -9.21552
28.8732 -9.18672
29.0235 -9.16541
29.2592 -9.17006
29.4968 -9.30268
29.7309 -9.32286
29.8964 -9.24599
30.1086 -9.25422
30.3041 -9.23681
30.558 -9.16948
30.716 -9.16583
30.9546 -9.16708
31.2236 -9.14212
31.6982 -9.32346
32.053 -9.28585
32.3263 -9.43696
32.6176 -9.44791
32.7991 -9.52294
33.1797 -9.48896
33.5113 -9.37756
33.9168 -9.19027
34.3016 -8.98227
34.8701 -8.95739
35.3491 -8.82883
35.7801 -8.78757
36.5756 -8.9332
37.6839 -8.92843
38.8571 -9.20718
40.2596 -9.05898
41.4474 -9.41575
41.9754 -9.42542
42.4856 -9.49507
42.9944 -9.50881
43.555 -9.52761
45.0389 -9.44964
46.5998 -9.32789
48.4283 -9.06828
49.8559 -8.93204
51.1983 -9.03923
51.7798 -8.93474
52.3016 -8.75262
52.9987 -8.68368
53.5786 -8.65125
54.0723 -8.66227
54.6097 -8.75347
55.0274 -8.89961
55.5238 -8.86767
55.9427 -8.71141
56.2069 -8.57124
56.4107 -8.48327
56.6174 -8.42144
56.8853 -8.25617
57.0454 -8.20847
57.2403 -8.23252
57.3671 -8.23338
57.4833 -8.2248
57.6079 -8.16925
57.7401 -8.14534
57.8872 -8.11456
58.0169 -8.08142
58.1844 -8.10011
58.3545 -8.07147
58.567 -7.92199
58.7806 -7.86036
58.9512 -7.73558
59.1786 -7.61852
59.411 -7.39038
59.6437 -7.09463
59.8694 -6.8362
60.1179 -6.53974
60.3693 -6.28422
60.5206 -5.95659
60.711 -5.66376
60.9388 -5.37481
61.0906 -5.15284
61.2639 -4.93502
61.4334 -4.66928
61.5829 -4.28018
61.7348 -3.96184
61.886 -3.63242
62.0107 -3.31694
62.0576 -2.9755
62.1495 -2.72742
62.2553 -2.44647
62.3322 -2.14487
62.4372 -1.85963
62.5437 -1.61486
62.6332 -1.32866
62.7082 -1.11487
62.7901 -0.768967
62.8504 -0.430919
62.9362 -0.111328
63.0009 0.223318
63.0989 0.558772
63.1925 0.897873
63.3145 1.32795
63.4632 1.75517
63.5322 2.08143
63.6453 2.50698
63.7557 2.93925
63.8805 3.36745
63.9701 3.78636
64.0696 4.18794
64.1672 4.57607
64.3202 4.961
64.4142 5.30067
64.4193 5.64375
64.4715 5.9916
64.6067 6.33016
64.7177 6.64685
64.7969 6.86361
64.9184 7.07993
65.0186 7.27357
65.0946 7.40699
65.1015 7.59844
65.1535 7.73224
65.2323 7.85503
65.2382 7.92376
65.328 8.09971
65.3681 8.24157
65.3862 8.36225
65.3286 8.49487
65.3673 8.6562
65.4262 8.75168
65.4918 8.84094
65.5142 8.94338
65.5879 9.11846
65.6591 9.27602
65.6287 9.34235
65.6832 9.47023
65.7873 9.48855
65.8397 9.54792
65.9969 9.57352
66.1788 9.832
66.5838 9.92384
66.142 9.75505
66.142 9.75505
66.0266 9.89089
66.336 10.0663
66.7789 10.1554
66.9694 10.4026
66.6457 10.3329
66.778 10.549
66.4285 10.4648
66.4285 10.4648
66.4285 10.4648
66.1316 10.3147
66.1986 10.4108
66.286 10.4399
66.286 10.4399
66.286 10.4399
66.286 10.4399
66.2558 10.596
66.2558 10.596
66.2558 10.596
66.1726 10.4629
66.1722 10.2263
66.3097 10.185
66.3097 10.185
66.2632 10.1819
66.2353 10.2596
66.2046 10.3017
66.1684 10.393
66.2329 10.4093
66.2583 10.3592
66.3806 10.3623
66.3806 10.3623
66.2975 10.1695
66.2975 10.1695
66.2507 10.2247
66.2507 10.2247
66.3854 10.3127
66.3854 10.3127
66.3854 10.3127
66.3854 10.3127
66.3854 10.3127
66.265 10.3857
66.1461 10.3176
66.1461 10.3176
66.1461 10.3176
66.1461 10.3176
66.1461 10.3176
66.2003 10.3875
66.0467 10.3804
65.9916 10.2958
65.97 10.4207
65.97 10.4207
65.97 10.4207
65.97 10.4207
65.9611 10.4085
65.9611 10.4085
65.9611 10.4085
65.9375 10.2945
66.0504 10.4317
66.055 10.506
66.0466 10.4774
66.1093 10.719
66.1093 10.719
66.0208 10.8127
65.962 10.811
65.962 10.811
65.997 10.8911
65.8452 10.7836
65.8256 10.8342
65.842 10.9487
65.893 10.8779
65.893 10.8779
65.893 10.8779
65.893 10.8779
65.893 10.8779
65.9435 10.9433
65.9499 10.8781
66.0075 10.8754
66.0998 10.9572
66.017 11.0022
66.0565 10.9496
66.0565 10.9496
66.0565 10.9496
66.0182 11.0358
66.0493 11.1072
65.8685 11.0639
65.8685 11.0639
65.8685 11.0639
65.8685 11.0639
