-0.0222411 0.0463538
-0.0241233 0.0598596
-0.0416233 0.104645
-0.0548378 0.0100369
-0.0943913 0.0516441
-0.0673809 0.0994827
-0.0641934 0.179733
-0.0740371 0.15942
-0.0713579 0.175286
-0.0629803 0.115764
-0.0870874 0.215943
-0.0773017 0.253586
-0.0492863 0.303988
-0.0487815 0.439835
-0.0191668 0.561903
0.0348332 0.593966
0.0599794 0.672676
0.0512547 0.694793
0.015813 0.777321
-0.0270398 0.787726
0.00783773 0.825405
-0.00969488 0.889812
-0.0451592 0.906205
-0.0479079 0.923108
-0.018692 0.944585
-0.0218499 0.991541
-0.0582538 1.02391
0.00326138 1.07879
-0.00520452 1.09727
0.0664304 1.16064
0.0788736 1.19371
0.139365 1.25379
0.165897 1.26575
0.176546 1.30089
0.228348 1.34171
0.266638 1.38188
0.276023 1.40964
0.302964 1.43097
0.296226 1.41344
0.299534 1.31792
0.341151 1.53691
0.362171 1.62935
0.394196 1.61028
0.368277 1.632
0.370969 1.48711
0.375459 1.56878
0.403724 1.54228
0.404731 1.68477
0.450825 1.5381
0.479075 1.55992
0.488915 1.78719
0.576205 1.61721
0.57294 1.60819
0.536845 1.85756
0.56498 2.04597
0.522406 2.11635
0.591687 2.12895
0.565739 2.29694
0.514774 2.53337
0.456996 2.68604
0.397532 2.90033
0.310094 3.15447
0.267979 3.4014
0.212373 3.54771
0.241141 3.67262
0.199815 3.63973
0.278916 3.48727
0.354894 3.33025
0.381545 3.22528
0.380593 3.29266
0.381173 3.48261
0.374298 3.56548
0.402071 3.55608
0.397743 3.67768
0.410602 3.80412
0.494892 3.70878
0.484623 3.71682
0.463257 3.87196
0.524869 3.80289
0.525138 3.79643
0.589745 3.97686
0.632809 3.87378
0.736196 3.91427
0.760601 4.10564
0.78275 3.97918
0.833266 4.01682
0.848469 4.13083
0.85515 4.07945
0.913782 4.2568
0.975028 4.29045
0.937279 4.39525
0.938935 4.36271
0.935509 4.42912
0.955568 4.49936
0.996925 4.47442
0.975146 4.46276
0.987775 4.4895
1.01176 4.55368
1.01523 4.59288
1.01325 4.58915
1.04111 4.72882
1.05681 4.79486
1.08154 4.81077
1.13694 4.86129
1.21536 4.93337
1.24341 4.92324
1.25483 4.93518
1.26133 5.02329
1.30292 5.14968
1.30267 5.249
1.3793 5.23362
1.37296 5.27163
1.36503 5.16405
1.41782 5.30498
1.53059 5.28354
1.52659 5.33754
1.54347 5.40022
1.59028 5.55244
1.59853 5.68975
1.55529 5.65334
1.59526 5.73071
1.61921 5.78187
1.6443 5.72805
1.62494 5.79893
1.66931 5.78388
1.72102 5.86212
1.73244 5.83523
1.62909 5.83326
1.65203 5.92034
1.69599 6.02781
1.67547 6.14949
1.73222 6.24507
1.74612 6.41299
1.82083 6.62809
1.74405 6.76201
1.72608 7.02222
1.65856 7.26474
1.39422 7.56406
1.09483 7.85545
1.02299 7.86046
1.04307 7.8021
0.776693 7.90855
0.842077 8.02225
0.721035 7.84398
0.70111 7.93046
0.745821 7.8372
0.704209 7.84411
0.768792 7.8886
0.827119 7.94913
0.879383 7.966
0.877051 7.97595
0.93186 7.96308
0.932729 7.97803
1.00112 7.97583
0.965746 7.8451
1.00012 7.96076
1.02096 8.08565
1.05865 8.22233
1.06359 8.30917
1.05107 8.23209
1.11387 8.11919
1.0971 8.14799
1.09543 8.11572
0.985454 8.16754
1.02079 8.26208
1.12113 8.31692
1.25214 8.32349
1.27642 8.43138
1.16559 8.48367
1.23084 8.5663
1.25118 8.60415
1.27096 8.62434
1.41305 8.56832
1.50465 8.55561
1.62616 8.59475
1.70464 8.69708
1.54999 8.91914
1.66058 8.91973
1.73103 8.93557
1.76542 9.00896
1.8436 9.08863
1.99069 9.00928
2.14748 9.03214
2.34983 9.09928
2.56801 9.12564
2.56292 9.20137
2.7497 9.12301
3.00311 9.08308
3.25498 9.18243
3.43528 9.24185
3.63196 9.16704
3.8651 9.0041
4.10914 9.00888
4.38465 9.12573
4.65666 9.23503
4.8904 9.27247
5.12355 9.24347
5.35798 9.27858
5.6029 9.33215
5.83722 9.39233
6.07493 9.48904
6.28021 9.5429
6.47726 9.62021
6.68162 9.69503
6.87248 9.7207
7.08341 9.76592
7.30249 9.77127
7.51047 9.75752
7.68897 9.77781
7.82529 9.75718
7.97204 9.77342
8.07433 9.76895
8.18312 9.79565
8.24833 9.80552
8.35143 9.79235
8.42926 9.75842
8.49302 9.74956
8.57223 9.73109
8.67008 9.73307
8.73558 9.71693
8.81807 9.73366
8.87793 9.73127
8.93089 9.74122
8.99782 9.76451
9.061 9.8339
9.11983 9.86096
9.16852 9.89601
9.2102 9.95366
9.28516 9.97119
9.3965 10.0114
9.50126 9.99535
9.6139 9.99995
9.7092 9.97247
9.79218 9.95399
9.87949 9.91516
9.94205 9.88358
10.0003 9.75213
10.1261 9.71013
10.2033 9.61948
10.2863 9.51572
10.3668 9.58385
10.5752 9.60062
10.6998 9.58804
10.8459 9.56775
11.0701 9.56609
11.3027 9.54905
11.5212 9.54941
11.6789 9.56365
11.8114 9.60795
11.9967 9.66293
12.1184 9.65265
12.1569 9.67944
12.2085 9.6172
12.2818 9.65156
12.3282 9.68203
12.3798 9.74644
12.4769 9.76608
12.5589 9.77722
12.6624 9.75782
12.65 9.7785
12.63 9.75536
12.5921 9.84654
12.3209 9.89649
12.1266 9.92312
11.9601 10.0673
11.8226 10.1469
11.7678 10.1205
11.6839 10.016
11.575 10.0133
11.4924 10.0697
11.4791 10.077
11.3745 10.12
11.2918 10.1656
11.2104 10.1776
11.2253 10.1298
11.2193 10.0774
11.1741 10.0518
11.183 9.95025
30.5493 12.9985
30.5144 12.9486
30.4361 12.9286
30.2993 12.9706
30.3291 12.942
30.4125 12.8624
30.2506 12.5698
30.2155 13.0004
30.1538 13.1085
30.2831 13.4165
30.2634 13.6264
30.3317 13.6586
30.4351 13.7932
30.5803 13.8638
30.6896 14.082
30.7662 13.97
30.8965 13.7896
30.8621 13.8781
30.7709 13.9029
30.7864 13.9739
30.8466 14.0212
30.9445 13.8733
31.0395 13.4844
31.1251 13.4727
31.1153 13.3242
31.1022 13.3421
31.0332 13.2547
31.0145 13.427
30.9451 13.4367
30.9507 13.679
31.0392 13.7844
31.16 13.9082
31.2412 14.1619
31.342 14.4027
31.4547 14.3979
31.5444 14.4307
31.6703 14.4701
31.9084 14.6521
32.0527 14.6746
32.3508 14.8216
32.4897 14.9816
32.6249 15.008
32.7331 15.0943
32.7961 15.3714
32.8663 15.4348
32.6469 15.5593
32.5222 15.6618
32.3885 15.6354
32.2214 15.6566
32.0169 15.8309
31.9283 15.7942
31.883 15.7169
31.8294 15.6794
31.7509 15.6441
31.7467 15.5658
31.7066 15.5435
31.5919 15.5127
31.5933 15.4708
31.6795 15.4682
31.7149 15.3197
31.6049 15.2938
31.4108 15.4417
31.4849 15.1757
31.3349 15.2562
31.0583 15.2277
30.9561 15.023
31.06 14.7289
31.3478 14.5863
31.3986 14.2776
31.1228 14.1281
31.1896 14.1263
31.452 14.2273
31.7284 14.2906
32.0008 14.3849
32.1887 14.4094
32.4246 14.3772
32.5243 14.3705
32.5199 14.4044
32.5927 14.3994
32.4828 14.3873
32.3471 14.4461
32.199 14.5163
32.1037 14.4809
32.0144 14.5642
31.9234 14.6494
31.8043 14.5958
31.7235 14.5317
31.6075 14.4927
31.4919 14.4438
31.5224 14.5213
31.5157 14.3826
31.4468 14.3269
31.4317 14.4198
31.4315 14.5488
31.4069 14.5827
31.3742 14.5693
31.3701 14.5379
31.3697 14.6599
31.3832 14.8245
31.3505 15.0429
31.3601 15.3507
31.339 15.3701
31.4085 15.695
31.4939 15.9353
31.5429 15.8833
31.6086 16.123
31.6408 16.4675
31.6423 16.9679
31.6732 17.4185
31.7533 17.7076
31.8788 17.9586
32.0491 18.1134
32.1476 18.3146
32.3463 18.3245
32.4656 18.1843
32.6813 18.114
32.7797 18.0999
33.114 18.0956
33.3522 18.1891
33.6247 18.2799
33.7014 18.3762
33.8529 18.3277
34.0845 18.5316
34.2816 18.4677
34.5509 18.5472
34.835 18.662
35.2556 18.8217
35.5816 18.9266
35.7688 18.9305
36.0147 18.9713
36.1595 18.9003
36.4056 18.9095
36.5784 18.9726
36.7308 19.014
36.9181 19.0343
37.1513 19.0206
37.3846 19.0546
37.6308 19.0405
37.7972 19.0526
37.9998 19.1234
38.2662 19.1455
38.563 19.0859
38.9654 19.1769
39.2322 19.1953
39.4469 19.2375
39.7058 19.3128
39.924 19.4132
40.2131 19.4691
40.6757 19.5479
41.1547 19.6131
41.4484 19.609
41.8382 19.6588
42.1834 19.6437
42.516 19.6595
42.825 19.6477
42.9971 19.5181
43.2327 19.4369
43.3526 19.4198
43.5146 19.5308
43.6145 19.6135
43.6805 19.7009
43.7646 19.7859
43.8712 19.7872
44.0515 19.7805
44.1664 19.7781
44.2894 20.0284
44.4141 20.0678
44.4747 20.216
44.5706 20.4519
44.7442 20.6083
44.9344 20.7064
45.0658 21.0847
45.2967 21.1435
45.4789 21.0978
45.6462 20.996
45.7165 20.8476
45.9298 20.718
46.0727 20.4828
46.1884 20.3454
46.3298 20.2794
46.481 20.1893
46.7078 20.2198
46.9378 20.3366
47.0847 20.3992
47.2654 20.5042
47.4261 20.6563
47.6043 20.6741
47.8554 20.481
48.1446 20.5553
48.4379 20.4377
48.852 20.4713
49.3614 20.4409
49.844 20.4373
50.2117 20.3683
50.8567 20.4633
51.2581 20.3898
50.9269 20.3431
51.2701 20.3716
51.7584 20.3341
52.018 20.3074
52.1133 20.5426
52.0062 20.7517
52.0137 20.7264
51.4517 20.8337
51.2266 21.0751
50.8393 21.1845
50.3857 21.284
49.9743 21.104
49.3292 21.3171
49.1099 21.3742
48.5244 21.2798
47.9677 21.4735
47.4207 21.5499
46.8389 21.7724
46.2213 21.9831
44.5839 22.6459
43.4626 23.1413
41.9853 23.635
40.3358 24.2715
39.3228 24.8993
38.0853 25.6665
36.534 26.4914
35.2782 26.9959
34.4969 27.3816
34.0148 27.2875
33.2821 27.2094
32.656 27.6251
31.9909 27.6916
31.4314 27.6429
30.8496 27.8214
30.1486 27.7318
29.5842 28.3153
29.0613 28.6696
28.5904 28.5236
28.026 28.4189
27.4248 28.2958
27.1115 28.2268
26.5295 27.8449
25.87 28.6963
25.332 29.0678
24.9105 29.2507
24.2935 29.6478
23.9802 30.007
23.7829 30.4763
23.5212 30.7024
23.3194 31.2278
23.0049 31.6495
22.7118 31.852
22.4888 32.2237
22.2981 32.3641
22.0782 32.2574
21.8602 32.2157
21.6588 32.3613
21.4971 32.3364
21.2072 32.4159
20.8436 32.3014
20.5743 32.2396
20.3521 31.9708
20.1425 31.8386
19.7818 31.5286
19.4749 31.5396
19.1172 31.183
18.8827 31.1863
18.3949 31.3048
18.0795 31.3351
17.6533 31.3594
17.136 31.2967
16.7009 31.2121
16.5156 31.1311
16.1137 31.0365
15.7211 30.8869
15.3204 30.7821
14.9388 30.5625
14.511 30.4881
14.0074 30.3415
13.551 30.2817
13.1954 30.3053
12.9171 29.9249
12.5432 29.5829
12.186 29.2235
11.892 28.8939
11.7194 28.5022
11.6637 28.3054
11.5147 28.013
11.3549 27.5903
11.2745 27.6076
11.1244 27.3474
11.0224 27.1126
10.9909 26.9911
11.0154 26.8985
10.9737 26.5236
10.9313 26.1647
10.9151 25.7947
10.9461 25.505
11.0461 25.1778
10.9874 24.9119
10.9639 24.6154
10.9485 24.3042
11.0766 24.0037
11.1633 23.6599
11.2691 23.4006
11.3753 23.1295
11.5154 22.8242
11.6847 22.5137
11.8618 22.2402
12.0629 21.8405
12.2604 21.416
12.3431 20.9932
12.4742 20.6172
12.6779 20.2546
12.8654 19.8993
13.1054 19.5312
13.3359 19.0187
13.5658 18.5794
13.8181 18.2751
14.0499 17.8147
14.3141 17.3493
14.5524 17.0541
14.8156 16.6187
15.0969 16.1695
15.4471 15.6531
15.8334 15.1947
16.161 14.801
16.5505 14.4229
16.7733 14.1992
17.1954 13.852
17.446 13.656
17.7055 13.5009
17.8323 13.3361
18.0704 13.2642
17.7361 13.5635
17.643 13.4838
17.4032 13.3809
17.7461 13.677
17.9454 13.8053
18.3284 13.6248
18.7114 13.6016
18.6696 13.7214
18.7697 13.7229
18.7697 13.7229
18.7697 13.7229
18.7697 13.7229
18.7697 13.7229
18.7775 13.456
18.7775 13.456
18.7775 13.456
18.8075 13.7376
18.8075 13.7376
18.7974 13.873
19.0406 13.9173
19.0406 13.9173
19.0406 13.9173
19.1664 13.9698
19.1664 13.9698
19.1664 13.9698
19.1664 13.9698
19.1664 13.9698
19.1664 13.9698
19.1664 13.9698
19.1664 13.9698
19.1664 13.9698
19.1664 13.9698
19.1664 13.9698
19.1664 13.9698
19.1664 13.9698
19.1664 13.9698
19.1664 13.9698
19.1664 13.9698
19.1358 13.885
19.0888 13.9021
19.0888 13.9021
19.0888 13.9021
19.1479 13.6586
19.1479 13.6586
19.1479 13.6586
19.0934 13.604
19.0934 13.604
19.0934 13.604
19.0934 13.604
19.0934 13.604
19.1784 13.4954
19.1784 13.4954
19.1784 13.4954
19.1784 13.4954
19.182 13.5658
19.182 13.5658
19.182 13.5658
19.182 13.5658
19.1064 13.6899
19.1064 13.6899
19.1064 13.6899
19.0152 13.7994
19.0152 13.7994
19.0469 13.7594
19.0469 13.7594
19.0469 13.7594
19.0469 13.7594
19.0469 13.7594
18.9765 13.8155
18.9765 13.8155
18.9765 13.8155
18.9765 13.8155
18.9765 13.8155
18.9828 13.8377
18.9828 13.8377
18.9828 13.8377
18.9828 13.8377
18.9828 13.8377
18.9828 13.8377
18.9828 13.8377
18.9828 13.8377
19.0177 14.0465
18.8216 13.9371
18.8318 14.1086
18.8318 14.1086
18.8318 14.1086
18.7989 14.3274
18.7989 14.3274
18.7989 14.3274
18.7989 14.3274
18.8195 14.3104
18.8005 14.1592
18.8005 14.1592
18.8717 14.1106
18.8944 14.057
18.8944 14.057
18.8944 14.057
18.8944 14.057
18.8944 14.057
18.8944 14.057
18.8944 14.057
18.8944 14.057
18.8944 14.057
18.8944 14.057
18.8944 14.057
18.9763 14.0645
18.9763 14.0645
18.9642 14.0108
18.9745 13.9076
18.9745 13.9076
18.9745 13.9076
19.1369 13.8544
19.1582 13.9462
19.1582 13.9462
19.1582 13.9462
19.1582 13.9462
19.0616 13.692
19.0616 13.692
19.0841 13.8084
19.0841 13.8084
19.0841 13.8084
19.2084 13.8008
19.1557 13.8046
19.1557 13.8046
19.1557 13.8046
19.1557 13.8046
19.1557 13.8046
18.9363 13.7627
18.707 13.7186
18.707 13.7186
18.707 13.7186
18.707 13.7186
18.707 13.7186
18.707 13.7186
18.707 13.7186
18.707 13.7186
18.707 13.7186
18.707 13.7186
18.707 13.7186
18.5985 13.6251
18.5985 13.6251
18.5985 13.6251
18.5985 13.6251
18.5985 13.6251
18.4675 13.8385
18.4389 13.7609
18.3612 13.72
18.3612 13.72
18.419 13.9
18.3815 13.8887
18.3815 13.8887
18.2528 13.8694
18.2528 13.8694
18.2528 13.8694
18.3306 13.9636
18.3306 13.9636
18.3306 13.9636
18.3147 13.9636
18.3147 13.9636
18.2696 14.0568
18.2696 14.0568
18.2696 14.0568
18.2696 14.0568
18.2696 14.0568
18.2696 14.0568
18.2696 14.0568
18.2696 14.0568
18.2696 14.0568
18.2696 14.0568
18.2696 14.0568
18.2209 13.9668
18.2921 14.0605
18.2921 14.0605
18.2546 14.1116
18.3134 14.1738
18.3371 14.3039
18.3371 14.3039
18.3371 14.3039
18.2472 14.3734
18.2472 14.3734
18.2472 14.3734
18.2472 14.3734
18.0509 14.4716
18.0509 14.4716
18.0509 14.4716
18.0509 14.4716
18.0509 14.4716
18.0768 14.5812
18.0768 14.5812
