0.00466852 -0.0150987 0.3
0.00766033 0.0104093 0.3
0.00628052 0.00448062 0.3
-0.031591 -0.00153845 0.3
-0.0143664 0.0245892 0.3
-0.0305526 0.0001467 0.3
-0.0178816 -0.0151494 0.3
-0.0275875 -0.0292104 0.3
-0.0110077 0.0260323 0.3
0.00383439 -0.00752015 0.3
-0.045476 -0.0662383 0.3
-0.0748963 -0.0575358 0.3
-0.0743338 -0.0357756 0.3
-0.0616584 -0.0331221 0.3
-0.0741041 -0.00820881 0.3
-0.0858268 0.0330376 0.3
-0.0404923 0.000153288 0.3
-0.000609957 0.00654725 0.3
0.0186758 -0.0172251 0.3
0.0161357 0.0035659 0.3
-0.00116248 -0.0503588 0.3
0.00855243 -0.0456659 0.3
0.0134046 -0.0622698 0.3
0.0148127 -0.0249662 0.3
-0.0192463 -0.0315395 0.3
-0.0194911 -0.00370715 0.3
0.0240685 0.0183666 0.3
0.0333181 0.0365591 0.3
0.0552229 0.0616881 0.3
0.0577029 0.0717519 0.3
0.0638847 0.134434 0.3
0.0634038 0.133903 0.3
0.0916071 0.137291 0.3
0.121045 0.122766 0.3
0.191865 0.350789 0.3
0.190507 0.26964 0.3
0.197371 0.226935 0.3
0.14388 0.100644 0.3
0.123515 0.107132 0.3
0.094728 0.146338 0.3
0.0966419 0.127425 0.3
0.138269 0.139296 0.3
0.138334 0.152739 0.3
0.202806 0.229526 0.3
0.193938 0.246986 0.3
0.226678 0.199282 0.3
0.211565 0.222857 0.3
0.211124 0.226014 0.3
0.206261 0.28479 0.3
0.215845 0.303709 0.3
0.14903 0.223777 0.3
0.148642 0.209983 0.3
0.172253 0.231598 0.3
0.17013 0.235109 0.3
0.181592 0.221989 0.3
0.162763 0.247014 0.3
0.163884 0.260979 0.3
0.0905097 0.106597 0.3
0.102525 0.103892 0.3
0.094913 0.116801 0.3
0.12174 0.138069 0.3
0.121859 0.159573 0.3
0.142195 0.0772026 0.3
0.140355 0.0559942 0.3
0.181039 0.14094 0.3
0.172048 0.16521 0.3
0.158382 0.109457 0.3
0.131345 0.0288351 0.3
0.142397 0.0158597 0.3
0.212819 0.108638 0.3
0.185841 0.000515886 0.3
0.108237 -0.121411 0.3
0.0812373 -0.143434 0.3
0.0448375 -0.113843 0.3
0.130888 -0.0244118 0.3
0.151772 -0.0693641 0.3
0.292058 0.178879 0.3
0.31692 0.107837 0.3
0.35292 0.152645 0.3
0.454318 0.28908 0.3
0.582593 0.517328 0.3
0.486568 0.320974 0.3
0.48938 0.329112 0.3
0.661041 0.642895 0.3
0.752783 0.86853 0.3
0.826658 0.94671 0.3
0.773191 0.786083 0.3
0.651802 0.523349 0.3
0.53884 0.271781 0.3
0.641096 0.399597 0.3
0.69687 0.508555 0.3
0.704496 0.512975 0.3
0.690841 0.489831 0.3
0.635821 0.366784 0.3
0.505919 0.136381 0.3
0.400864 -0.016558 0.3
0.379993 -0.0580161 0.3
0.443137 0.00842694 0.3
0.56166 0.26278 0.3
0.711077 0.47428 0.3
0.710531 0.457267 0.3
0.611286 0.224558 0.3
0.568762 0.154879 0.3
0.594009 0.204197 0.3
0.757589 0.482956 0.3
0.746313 0.506721 0.3
0.896444 0.753285 0.3
0.910582 0.789062 0.3
0.791925 0.545433 0.3
0.77559 0.552838 0.3
0.920827 0.841268 0.3
0.898368 0.834136 0.3
0.920986 0.862864 0.3
0.967108 1.00818 0.3
0.956569 1.02498 0.3
0.997614 1.06323 0.3
0.977614 1.05853 0.3
0.942718 1.03824 0.3
0.951208 1.07606 0.3
0.95697 1.09008 0.3
0.94317 1.07192 0.3
0.962456 1.06404 0.3
0.883846 0.906742 0.3
0.899472 0.915026 0.3
0.887266 0.937447 0.3
0.795385 0.768371 0.3
0.814071 0.808403 0.3
0.927504 1.01378 0.3
0.932522 1.05824 0.3
0.940691 0.997774 0.3
0.919542 0.992179 0.3
0.938311 1.0124 0.3
0.968436 1.02245 0.3
0.977571 1.04249 0.3
1.01189 1.08498 0.3
0.995252 1.12553 0.3
0.979434 1.11518 0.3
0.978777 1.12978 0.3
0.982736 1.13419 0.3
0.956788 1.13874 0.3
0.960321 1.10703 0.3
0.970834 1.09115 0.3
1.00066 1.08809 0.3
0.996653 1.06277 0.3
0.990436 1.08837 0.3
1.00988 1.12598 0.3
1.03808 1.15229 0.3
1.08077 1.21408 0.3
1.04266 1.07507 0.3
1.05943 1.11956 0.3
1.05378 1.0911 0.3
1.06298 1.04811 0.3
0.986405 0.998436 0.3
0.98545 0.9714 0.3
1.10287 1.16414 0.3
1.12724 1.11516 0.3
1.0952 1.0949 0.3
1.16412 1.21394 0.3
1.10991 1.13109 0.3
1.14057 1.17381 0.3
1.19405 1.18979 0.3
1.17664 1.04905 0.3
1.26508 1.16363 0.3
1.17328 1.06895 0.3
1.24995 1.2212 0.3
1.2036 1.11809 0.3
1.33464 1.25931 0.3
1.34433 1.23138 0.3
1.34199 1.22963 0.3
1.37585 1.2414 0.3
1.3512 1.214 0.3
1.53704 1.50338 0.3
1.48101 1.39034 0.3
1.46943 1.37192 0.3
1.57792 1.52026 0.3
1.5879 1.59792 0.3
1.53354 1.47556 0.3
1.68637 1.68488 0.3
1.63146 1.61311 0.3
1.48568 1.46148 0.3
1.64234 1.7328 0.3
1.53788 1.59849 0.3
1.56828 1.61835 0.3
1.68327 1.79848 0.3
1.70912 1.80654 0.3
1.56407 1.65915 0.3
1.59464 1.6497 0.3
1.56418 1.58244 0.3
1.74471 1.74124 0.3
1.78759 1.8523 0.3
1.79592 2.10019 0.3
1.79678 2.12093 0.3
1.6836 1.93621 0.3
1.53251 1.68404 0.3
1.63484 1.75263 0.3
1.77901 1.91495 0.3
1.75796 1.8569 0.3
1.79783 1.89762 0.3
1.87111 2.05473 0.3
1.91922 2.13162 0.3
1.89887 2.07883 0.3
1.82343 1.87206 0.3
1.84107 1.76999 0.3
1.73574 1.6731 0.3
1.6325 1.50563 0.3
1.6465 1.48174 0.3
1.73283 1.41517 0.3
1.64996 1.33647 0.3
1.47143 1.13776 0.3
1.32067 0.931492 0.3
1.00142 0.735058 0.3
0.775175 0.603689 0.3
0.765428 0.575763 0.3
0.436406 0.306325 0.3
0.0573152 0.0162545 0.3
0.115755 0.0943575 0.3
-0.272365 -0.176507 0.3
-0.590839 -0.368717 0.3
-0.567404 -0.347936 0.3
-0.581692 -0.319517 0.3
-0.524734 -0.185855 0.3
-0.782698 -0.243452 0.3
-1.15002 -0.28655 0.3
-1.15637 -0.259609 0.3
-1.46994 -0.11066 0.3
-1.50632 -0.0537242 0.3
-1.36649 -0.17684 0.3
-1.61966 -0.101492 0.3
-1.67529 -0.0506751 0.3
-1.63879 -0.0804147 0.3
-1.55524 -0.103235 0.3
-1.50754 -0.0459407 0.3
-1.46298 -0.0830788 0.3
-1.4734 -0.0784657 0.3
-1.43948 -0.0755742 0.3
-1.37293 -0.0481057 0.3
-1.33625 0.00282137 0.3
-1.26963 0.0843841 0.3
-1.20785 0.122131 0.3
-1.33054 0.159899 0.3
-1.44674 0.192402 0.3
-1.57878 0.209278 0.3
-1.64254 0.173002 0.3
-1.56099 0.21852 0.3
-1.54543 0.170984 0.3
-1.52958 0.168237 0.3
-1.49738 0.174348 0.3
-1.49054 0.247719 0.3
-1.44517 0.245772 0.3
-1.43688 0.280019 0.3
-1.43166 0.285393 0.3
-1.40117 0.253248 0.3
-1.45902 0.257812 0.3
-1.27949 0.297067 0.3
-1.22422 0.189883 0.3
-1.14228 0.217338 0.3
-1.08442 0.174795 0.3
-0.887573 0.237426 0.3
-0.722659 0.224569 0.3
-0.561019 0.234374 0.342
-0.392908 0.277156 0.342
-0.179653 0.363829 0.342
3.37064e-05 0.376952 0.342
0.190572 0.432578 0.342
0.357535 0.380167 0.399
0.572222 0.272112 0.399
0.756332 0.203571 0.399
0.956689 0.13662 0.399
1.16817 0.0853516 0.457
1.30085 0.00862032 0.457
1.45668 -0.0637188 0.457
1.62498 -0.102743 0.457
1.7901 -0.100509 0.457
1.94737 -0.114707 0.513
2.10813 -0.114122 0.513
2.26869 -0.137324 0.513
2.42375 -0.219749 0.513
2.62994 -0.238823 0.576
2.85479 -0.342183 0.576
3.07545 -0.43444 0.576
3.31698 -0.485491 0.576
3.58387 -0.503425 0.576
31.2712 3.77169 0.644
31.3783 3.80861 0.644
31.7229 3.79413 0.644
31.82 3.82816 0.708
31.8688 3.72011 0.708
31.8942 3.67684 0.708
31.9476 3.72827 0.708
32.0194 3.62896 0.767
32.0604 3.62131 0.767
32.1869 3.56433 0.767
32.2815 3.38723 0.767
32.4222 3.23909 0.84
32.6094 3.17684 0.84
32.8137 3.04427 0.84
33.0722 2.96055 0.903
33.2159 2.75733 0.903
33.2825 2.61187 0.903
33.311 2.51048 0.903
33.3572 2.47571 0.971
33.3759 2.41274 0.971
33.3284 2.32079 0.971
33.3552 2.21541 0.971
33.363 2.15519 1.036
33.2925 2.0575 1.036
33.207 1.9514 1.036
33.2131 1.88522 1.036
33.27 1.78667 1.109
33.3104 1.74209 1.109
33.2947 1.67448 1.109
33.2837 1.58397 1.109
33.318 1.54186 1.177
33.3359 1.53112 1.177
33.3865 1.55593 1.177
33.3828 1.61672 1.177
33.443 1.65142 1.238
33.4278 1.71566 1.238
33.4531 1.79632 1.238
33.4437 1.86569 1.238
33.4686 1.91757 1.238
33.5234 1.99007 1.238
33.5488 2.02279 1.238
33.6254 2.03862 1.238
33.7078 2.0323 1.238
33.7257 2.03087 1.238
33.7897 2.25281 1.333
33.7391 1.97473 1.333
33.8077 1.80702 1.333
33.7675 1.59612 1.333
33.8825 1.33937 1.365
33.9535 1.21745 1.365
34.0162 1.16665 1.365
34.0358 1.14313 1.365
34.117 1.08081 1.388
34.1392 1.07985 1.388
34.2137 1.06419 1.388
34.2327 1.11892 1.388
34.2302 1.03412 1.388
34.2094 0.932764 1.405
34.1323 0.830157 1.405
34.1207 0.795278 1.405
34.0883 0.983821 1.405
34.1025 1.08494 1.413
34.0491 1.19016 1.413
34.0654 1.24942 1.413
34.0498 1.66427 1.413
34.0812 1.99793 1.417
34.0976 2.5013 1.417
34.1385 2.86623 1.417
34.1506 3.43653 1.417
34.1438 3.92096 1.417
34.1596 4.07432 1.404
34.1477 4.19133 1.404
34.1893 4.35324 1.404
34.171 4.67875 1.404
34.3537 5.55897 4.166
34.42 6.13675 4.166
34.4827 7.10386 4.166
34.4901 8.37287 4.166
34.5648 9.58207 4.166
34.7199 10.0117 1.366
34.8569 10.3833 1.366
35.089 10.5037 1.366
35.283 10.946 1.366
35.6862 11.3102 1.334
36.0973 11.7568 1.334
36.2164 11.8817 1.334
36.3173 12.3093 1.334
36.6946 12.8684 1.334
36.7635 13.1262 1.3
36.8123 13.1526 1.3
36.7691 13.2221 1.3
36.7634 13.3536 1.3
36.7153 13.4621 1.259
36.4114 13.5501 1.259
36.2657 13.5767 1.259
36.1311 13.7309 1.226
35.9898 13.8933 1.226
35.8744 13.9206 1.226
35.8067 14.1023 1.226
35.7725 14.0902 1.192
35.6432 14.0708 1.192
35.5624 14.0653 1.192
35.4536 14.1578 1.192
35.3697 14.2304 1.192
35.3002 14.3136 1.165
35.2193 14.4436 1.165
35.1675 14.4499 1.165
35.0612 14.5899 1.165
34.9469 14.7571 1.138
34.8871 14.8938 1.138
34.8252 15.0037 1.138
34.7638 15.0322 1.138
34.8185 14.9843 1.138
34.7744 15.1514 1.122
34.6573 15.1967 1.122
34.6012 15.2304 1.122
34.5225 15.2191 1.122
34.504 15.1548 1.103
34.5324 15.1725 1.103
34.5232 15.1364 1.103
34.5228 15.139 1.103
34.5631 15.1481 1.093
34.6123 15.169 1.093
34.6565 15.1789 1.093
34.681 15.178 1.093
34.6618 15.1855 1.085
34.6642 15.2419 1.085
34.6818 15.3006 1.085
34.7101 15.4036 1.085
34.6881 15.4993 1.085
34.6857 15.5473 1.08
34.7086 15.7403 1.08
34.7545 15.8175 1.08
34.8202 15.8811 1.08
34.9028 15.9075 1.078
34.9566 15.7702 1.078
35.024 15.7694 1.078
35.0686 15.6386 1.078
35.1565 15.4582 1.079
35.2333 15.3287 1.079
35.3328 15.4053 1.079
35.4608 15.3258 1.079
35.5728 15.1648 1.082
35.7206 15.2207 1.082
35.9078 15.3377 1.082
36.1069 15.2196 1.082
36.2948 15.1135 1.088
36.4614 15.1186 1.088
36.5871 15.2242 1.088
36.6519 15.2715 1.088
36.8294 15.2019 1.093
37.0934 15.3914 1.093
37.3731 15.5234 1.093
37.6423 15.5357 1.093
37.0293 10.0107 1.093
37.2783 9.99725 1.109
37.467 10.0661 1.109
37.6873 10.1838 1.109
37.9245 10.2329 1.109
38.1449 10.3047 1.121
38.3536 10.4848 1.121
38.5341 10.4218 1.121
38.695 10.3814 1.121
38.8816 10.3816 1.121
39.126 10.3084 1.138
39.3922 10.2763 1.138
39.6305 10.1628 1.138
39.8814 10.193 1.138
40.052 10.1667 1.154
40.3027 10.1506 1.154
40.6185 10.1423 1.154
40.7604 10.1205 1.154
41.1494 10.0747 1.154
39.5714 13.5753 1.174
39.7734 13.604 1.174
39.9449 13.6149 1.174
40.0694 13.638 1.174
40.4497 13.6406 4.01
40.8821 13.6029 4.01
41.166 13.4492 4.01
41.4803 13.5692 4.01
41.4866 13.5881 1.249
41.5774 13.7135 1.249
41.7591 13.804 1.249
41.9347 13.8923 1.249
42.0799 13.9855 1.28
42.2364 13.9837 1.28
42.3627 14.0336 1.28
42.5623 13.9479 1.28
42.728 13.9532 1.28
42.8376 13.9775 1.308
42.9563 13.9813 1.308
42.9839 14.064 1.308
43.1438 14.1005 1.308
43.2537 14.0758 1.308
43.3876 14.0952 1.308
43.5567 14.0237 1.308
43.735 14.202 1.308
43.9249 14.1731 1.308
44.0637 14.3308 1.308
44.2267 14.1567 1.308
44.3776 14.1782 1.308
44.4674 14.313 1.407
44.4798 14.4201 1.407
44.5222 14.3526 1.407
44.5424 14.4103 1.407
44.487 14.4595 1.407
44.466 14.551 1.442
44.39 14.6629 1.442
44.3601 14.794 1.442
44.4097 14.8118 1.442
44.3528 14.9547 1.442
44.5771 15.3967 4.017
44.6562 15.9153 4.017
44.876 16.0026 4.017
44.7904 16.1829 4.017
44.7095 16.1255 1.493
44.6996 16.1781 1.493
44.7096 16.1462 1.493
44.7759 16.0313 1.493
44.7933 16.0286 1.493
44.9217 15.9525 1.493
45.1011 16.0916 1.493
45.3032 16.1799 1.493
45.5179 16.2719 1.493
45.6406 16.3114 1.493
45.7183 16.3561 1.493
45.8644 16.5646 1.493
46.0296 16.6746 1.493
46.2662 16.6659 1.5
46.4565 16.6073 1.5
46.6683 16.4909 1.5
46.7518 16.4931 1.484
46.9462 16.8457 1.484
47.169 17.0926 1.484
47.1593 17.4155 1.484
47.0219 17.6134 1.462
47.1478 18.1135 1.462
46.9996 18.3482 1.462
46.9729 18.6404 1.462
46.949 18.5154 1.462
46.9221 18.52 1.462
46.72 18.5214 1.462
46.5591 18.6256 1.462
46.3193 18.6192 1.462
46.2493 18.7072 1.4
46.1704 18.7093 1.4
45.9802 18.62 1.4
45.9276 18.6028 1.4
45.797 18.6981 1.379
45.7272 18.6128 1.379
45.7226 18.5475 1.379
45.6201 18.4629 1.379
45.5736 18.4377 1.379
45.4658 18.3714 1.359
45.3909 18.4202 1.359
45.2555 18.4873 1.359
45.2712 18.5878 1.359
45.152 18.7247 1.359
45.1115 18.9255 1.344
45.0509 18.923 1.344
44.9905 18.9115 1.344
44.8896 18.9835 1.344
44.9327 18.9654 1.329
45.0319 18.9152 1.329
45.0314 18.8562 1.329
44.9642 18.7241 1.329
45.1307 18.6959 1.329
45.1188 18.7174 1.329
45.0663 18.6972 1.329
45.1934 18.7398 1.329
45.2615 18.757 1.329
45.2943 18.7979 1.311
45.3323 18.8847 1.311
45.2628 18.8871 1.311
45.2233 18.829 1.311
45.1829 18.7205 1.299
45.2569 18.8894 1.299
45.3331 18.8652 1.299
45.2726 18.8752 1.299
45.3061 18.8241 1.29
45.3978 18.9016 1.29
45.4835 19.0235 1.29
45.4535 19.1271 1.29
45.4774 19.1843 1.29
45.3993 19.1744 1.28
45.3943 19.0941 1.28
45.4268 19.0863 1.28
45.4053 19.1455 1.28
45.3877 19.0063 1.271
45.3667 18.9973 1.271
45.3545 19.0165 1.271
45.4027 19.0524 1.271
45.4417 19.1083 1.271
45.3768 19.0292 1.271
45.4313 18.9973 1.271
45.5706 18.9451 1.271
45.5928 18.792 1.271
45.6076 18.8433 1.271
45.5665 18.9936 1.246
45.4645 18.896 1.246
45.5222 19.1321 1.246
45.6175 19.3475 1.246
45.6 19.599 1.232
45.7045 19.6553 1.232
45.5561 19.4965 1.232
45.5542 19.428 1.232
45.5638 19.477 1.22
45.588 19.4482 1.22
45.3712 19.4857 1.22
45.3063 19.634 1.22
45.1637 19.5839 1.207
44.9514 19.5994 1.207
44.7773 19.7156 1.207
44.6338 19.7816 1.207
44.5165 19.8347 1.207
44.4073 19.8386 1.199
44.2758 19.8184 1.199
44.1533 19.8293 1.199
43.9424 19.9085 1.199
43.8344 19.8771 1.186
43.7066 19.7146 1.186
43.5021 19.6796 1.186
43.3576 19.5539 1.186
43.1998 19.4938 1.186
42.9469 19.1454 1.186
42.7872 18.9904 1.186
42.639 18.8664 1.186
42.4464 18.6807 1.157
42.1988 18.5212 1.157
41.9316 18.3761 1.157
41.7384 18.2581 1.157
41.5555 17.8963 1.145
41.4398 17.7835 1.145
41.2394 17.6034 1.145
41.2106 17.3946 1.131
41.0146 17.1319 1.131
40.8919 17.096 1.131
40.7433 16.9017 1.131
40.6819 16.7627 1.122
40.5533 16.6975 1.122
40.4019 16.5785 1.122
40.2341 16.4305 1.122
40.0491 16.2241 1.111
39.9029 16.1921 1.111
39.6966 16.1316 1.111
39.5571 16.0885 1.101
39.4089 16.0677 1.101
39.3121 16.0472 1.101
39.1877 16.1743 1.101
39.0313 16.1879 1.101
38.8569 16.17 1.101
38.7364 16.2186 1.101
38.62 16.2899 1.101
38.4713 16.3344 1.101
38.2948 16.2088 1.101
38.2363 16.1652 1.101
38.1452 15.9697 1.073
38.0403 15.9901 1.073
38.0535 16.0281 1.073
38.0616 15.7623 1.073
38.0078 15.4424 1.073
47.6867 18.7304 1.066
47.6412 18.6659 1.066
47.5377 18.5673 1.066
47.4499 18.4512 1.066
47.3571 18.4049 1.057
47.2401 18.3265 1.057
47.1315 18.2771 1.057
46.971 18.1399 1.057
46.8617 17.916 1.046
46.8087 17.7536 1.046
46.7179 17.5834 1.046
46.5837 17.2985 1.046
46.6162 17.3241 1.036
46.6839 17.2133 1.036
46.6648 17.2193 1.036
46.6277 17.0821 1.036
46.5454 17.1498 1.036
46.4487 17.291 1.026
46.3598 17.4557 1.026
46.2535 17.5323 1.026
46.2271 17.8499 1.026
46.2115 17.9538 1.013
46.2369 18.1398 1.013
46.1824 18.2826 1.013
46.155 18.4773 1.013
46.2181 18.6755 1.003
46.2052 18.8951 1.003
46.0923 19.0876 1.003
46.1 19.2205 1.003
46.0576 19.3986 1.003
46.0335 19.4333 0.987
45.973 19.6451 0.987
45.9181 19.8387 0.987
45.8672 20.0597 0.987
45.8027 20.4133 0.979
39.4424 11.4137 0.979
39.4029 11.7896 0.979
39.3257 12.1144 0.979
39.2301 12.4387 0.979
39.2632 12.6924 0.963
39.2655 12.9403 0.963
39.2157 13.1942 0.963
39.2101 13.3942 0.963
39.2052 13.6599 0.951
39.1982 13.8169 0.951
39.1516 13.9979 0.951
39.1728 14.161 0.951
39.2228 14.4696 0.939
39.2656 14.8169 0.939
39.25 15.0839 0.939
39.2653 15.3545 0.939
39.3109 15.4993 0.939
39.2776 15.6745 0.934
39.2722 15.9332 0.934
39.3329 16.327 0.934
39.3805 16.5317 0.921
39.4908 16.952 0.921
39.5418 17.2783 0.921
39.5543 17.5559 0.921
39.5489 17.9218 0.921
39.5768 18.3534 0.921
39.608 18.4895 0.921
39.6875 18.8127 0.921
39.4523 18.4561 0.906
39.509 18.6056 0.906
39.4892 18.7906 0.906
39.5356 18.9736 0.906
39.6003 19.1237 0.904
39.6711 19.1848 0.904
39.7251 19.2599 0.904
39.86 19.3579 0.904
40.3375 20.4899 4.604
40.4166 21.5788 4.604
40.655 22.5955 4.604
40.7306 23.7537 4.604
40.634 24.4356 4.604
40.634 24.4927 0.898
40.6377 24.662 0.898
40.6799 25.0043 0.898
40.7332 25.1759 0.898
40.6789 25.4642 0.899
40.6805 25.6529 0.899
40.6553 25.8921 0.899
40.476 26.0035 0.899
40.4073 26.1151 0.899
40.4111 26.398 0.899
40.4071 26.647 0.899
40.424 26.8039 0.899
40.399 26.9314 0.899
40.4495 27.3109 0.899
40.4374 27.5238 0.899
40.4472 27.6552 0.899
40.3975 27.7721 0.899
40.4089 27.9865 0.898
40.3905 28.1159 0.898
40.3746 28.269 0.898
40.3864 28.3785 0.898
40.3982 28.4381 0.898
40.4354 28.6248 0.904
40.452 28.8224 0.904
40.3865 29.0616 0.904
40.3859 29.2394 0.904
40.4446 29.531 0.906
40.5522 29.6428 0.906
40.5528 29.6816 0.906
40.6123 29.8148 0.906
40.5645 30.0326 0.906
40.5762 30.234 0.914
40.6495 30.6269 0.914
40.5332 30.6881 0.914
40.5737 30.9279 0.914
40.4832 31.0396 0.914
40.5829 31.3494 0.923
40.7687 31.4407 0.923
40.5497 31.4042 0.923
40.7047 31.3132 0.923
40.6596 31.1417 0.935
40.8873 30.8753 0.935
40.8649 30.7635 0.935
40.8717 30.8236 0.935
41.002 30.8614 0.951
40.9345 30.811 0.951
40.8613 30.8316 0.951
40.8613 30.8162 0.951
40.9514 30.8278 0.966
40.9631 30.7665 0.966
40.9477 30.7568 0.966
40.9175 30.7669 0.966
40.9383 30.7706 0.966
40.9483 30.7836 0.986
41.0196 30.8163 0.986
41.0161 30.8992 0.986
40.9493 30.8839 0.986
40.9734 30.9568 1.009
40.9869 31.0171 1.009
40.9473 31.1072 1.009
40.9811 31.1525 1.009
40.9739 31.0232 1.046
41.0571 30.9507 1.046
40.9867 30.8042 1.046
41.0583 30.5742 1.046
41.0232 30.3208 1.046
41.0053 30.0262 1.076
41.0708 29.9001 1.076
41.1813 29.8161 1.076
41.1261 29.6032 1.076
41.1882 29.4247 1.076
41.1978 29.2727 1.11
41.2056 29.1312 1.11
41.1387 28.929 1.11
41.2293 28.7262 1.11
41.1563 28.6662 1.141
41.168 28.5529 1.141
41.2669 28.65 1.141
41.2874 28.73 1.141
41.3451 28.8054 1.172
41.3808 28.8311 1.172
41.4366 28.7978 1.172
41.5079 28.7622 1.172
41.5569 28.9048 1.172
41.597 29.1649 1.186
41.7894 29.2222 1.186
41.8977 29.665 1.186
42.013 30.0022 1.186
42.1229 30.1442 1.195
42.2453 30.4936 1.195
42.1467 30.8206 1.195
42.2036 31.2682 1.195
42.2743 31.4211 1.195
42.256 31.497 1.192
42.2726 31.6091 1.192
42.2393 31.8078 1.192
42.2423 32.0608 1.192
42.1344 31.9238 1.177
42.1605 32.1758 1.177
42.1891 32.2784 1.177
42.3332 32.2379 1.177
42.2942 32.2324 1.155
42.2208 32.2675 1.155
42.0608 32.2479 1.155
41.9023 32.0893 1.155
41.7605 32.107 1.155
41.521 32.1645 1.119
41.3271 32.1753 1.119
41.1451 31.9663 1.119
40.933 31.7087 1.119
40.6776 31.5273 1.072
40.5117 31.5009 1.072
40.1899 31.3314 1.072
39.9353 31.3895 1.072
39.5093 31.1415 1.072
39.2618 31.1969 1.021
39.0448 31.2526 1.021
38.7406 31.2435 1.021
38.4495 31.265 1.021
38.221 31.2381 1.021
37.8878 31.2445 1.021
37.6606 31.3468 1.021
37.4011 31.4945 1.021
37.1378 31.484 1.021
36.9161 31.7136 1.021
36.6302 31.8628 1.021
36.2964 32.1052 1.021
35.9071 32.2626 1.021
35.6485 32.487 0.806
35.3415 32.7388 0.806
35.0867 32.9913 0.806
34.798 33.2702 0.806
34.5267 33.4282 0.73
34.3191 33.6636 0.73
34.076 33.9421 0.73
33.8659 34.1937 0.73
33.6627 34.3043 0.73
33.3818 34.4707 0.648
33.1387 34.585 0.648
32.862 34.6739 0.648
32.5336 34.7584 0.648
32.2408 34.8579 0.569
31.928 34.8678 0.569
31.6047 34.9094 0.569
31.2604 35.0304 0.569
30.8865 35.1055 0.569
30.5824 35.2201 0.488
30.3165 35.3518 0.488
29.9763 35.4841 0.488
29.6403 35.6288 0.488
29.3339 35.7358 0.407
29.016 35.8942 0.407
28.6864 36.0273 0.407
28.3887 36.1647 0.407
28.0104 36.3604 0.407
27.6813 36.4795 0.352
27.2901 36.6133 0.352
26.9102 36.8103 0.352
26.4907 36.999 0.352
26.1871 37.1918 0.352
25.86 37.3536 0.3
25.5367 37.4925 0.3
25.2134 37.6647 0.3
25.035 37.8146 0.3
24.6911 37.9184 0.3
24.3559 38.0575 0.3
24.0492 38.1529 0.3
23.7573 38.2673 0.3
23.456 38.5622 0.3
23.1948 38.7616 0.3
23.0938 38.9064 0.3
23.1149 39.0867 0.3
23.3114 39.3461 0.3
23.0595 39.2066 0.3
22.72 39.5038 0.3
22.7951 39.6735 0.3
22.4371 39.9709 0.3
22.1869 40.1713 0.3
22.0989 40.1559 0.3
22.0025 40.2558 0.3
21.9821 40.3114 0.3
22.1635 40.5257 0.3
22.2098 40.5975 0.3
22.1267 40.2879 0.3
22.1655 40.0832 0.3
22.1235 40.0142 0.3
22.1398 40.0521 0.3
22.0143 39.8079 0.3
22.1166 39.7779 0.3
22.1166 39.7779 0.3
22.1166 39.7779 0.3
22.0938 39.9692 0.3
21.9619 39.7037 0.3
21.8632 39.4062 0.3
21.9798 39.5945 0.3
22.0233 39.5503 0.3
22.0584 39.4096 0.3
22.0802 39.3029 0.3
22.1685 39.4019 0.3
22.173 39.6404 0.3
22.1506 39.6586 0.3
22.1811 39.6584 0.3
22.2974 39.7685 0.3
22.2981 39.797 0.3
22.4772 40.0464 0.3
22.4467 39.8046 0.3
22.5205 39.6629 0.3
22.5416 39.6463 0.3
22.4851 39.557 0.3
22.6704 39.7644 0.3
22.6462 39.7879 0.3
22.6893 39.7621 0.3
22.6084 39.6822 0.3
22.5259 39.5566 0.3
22.328 39.2794 0.3
22.1696 39.2346 0.3
22.1133 39.1803 0.3
22.1646 39.3789 0.3
22.2476 39.5214 0.3
22.3007 39.641 0.3
22.1851 39.4969 0.3
22.2471 39.3794 0.3
22.176 39.266 0.3
22.329 39.5302 0.3
22.329 39.5302 0.3
22.1834 39.464 0.3
22.2272 39.1708 0.3
22.1837 39.2961 0.3
22.2679 39.4044 0.3
22.3382 39.3948 0.3
22.4058 39.1807 0.3
22.4391 39.1495 0.3
22.4937 39.2709 0.3
22.4937 39.2709 0.3
22.5322 39.26 0.3
22.5338 39.1316 0.3
22.5151 39.2363 0.3
22.5058 39.1479 0.3
22.5524 39.0334 0.3
22.6076 39.231 0.3
22.6076 39.231 0.3
22.6182 38.963 0.3
22.6207 39.0012 0.3
22.6545 38.9132 0.3
22.5642 38.9772 0.3
22.6082 39.0305 0.3
22.4962 38.7873 0.3
22.4962 38.7873 0.3
22.5145 38.7021 0.3
22.4876 38.766 0.3
22.5494 38.7562 0.3
22.5592 38.8641 0.3
22.4834 38.8565 0.3
22.4789 38.8626 0.3
22.5616 38.7705 0.3
22.4397 38.5753 0.3
22.3877 38.7119 0.3
22.2409 38.5099 0.3
22.3254 38.6084 0.3
22.2178 38.5027 0.3
22.2969 38.5405 0.3
22.2605 38.3915 0.3
22.3097 38.4776 0.3
22.292 38.5679 0.3
22.2868 38.4816 0.3
22.388 38.5883 0.3
22.3747 38.4049 0.3
22.4181 38.5736 0.3
22.3479 38.3593 0.3
22.2814 38.3487 0.3
22.2661 38.1406 0.3
22.3533 38.0608 0.3
22.4103 38.2473 0.3
22.4222 38.1135 0.3
22.4683 38.262 0.3
22.4636 38.314 0.3
22.4299 38.0838 0.3
22.4558 38.0594 0.3
22.4572 38.2091 0.3
22.4909 38.1135 0.3
22.5065 38.1135 0.3
22.5065 38.1135 0.3
22.5854 38.1107 0.3
22.5809 38.122 0.3
22.502 38.3275 0.3
22.4898 38.1842 0.3
22.4765 38.1636 0.3
22.4616 38.1832 0.3
22.4428 38.0517 0.3
22.5313 38.0919 0.3
22.5105 37.95 0.3
22.4872 37.9116 0.3
22.5796 37.9678 0.3
22.4803 37.7258 0.3
22.4664 37.6929 0.3
22.4413 37.7885 0.3
22.3591 37.5612 0.3
22.4184 37.5607 0.3
22.4881 37.6974 0.3
22.4399 37.5688 0.3
22.3067 37.6098 0.3
22.3694 37.601 0.3
22.2605 37.407 0.3
22.2313 37.2965 0.3
22.2313 37.2965 0.3
22.2313 37.2965 0.3
22.2153 37.2194 0.3
22.2189 37.1436 0.3
22.2334 37.2411 0.3
22.241 37.087 0.3
22.2551 37.0561 0.3
22.3242 37.151 0.3
22.4502 37.2 0.3
22.3096 37.1438 0.3
22.2365 37.3097 0.3
22.2815 37.3065 0.3
22.2725 37.2717 0.3
22.3279 37.3703 0.3
22.3108 37.3354 0.3
22.2995 37.432 0.3
22.4056 37.5124 0.3
22.4008 37.3901 0.3
22.4592 37.3649 0.3
22.397 37.4314 0.3
22.3671 37.2621 0.3
22.3046 37.2362 0.3
22.3833 37.1665 0.3
22.3542 37.25 0.3
22.4033 37.3596 0.3
22.436 37.3882 0.3
22.421 37.3598 0.3
22.5185 37.4573 0.3
22.5004 37.6293 0.3
22.5453 37.5626 0.3
22.5453 37.5626 0.3
22.5985 37.5414 0.3
22.5715 37.5421 0.3
22.4432 37.6343 0.3
22.3565 37.5764 0.3
22.319 37.3977 0.3
22.319 37.3977 0.3
22.319 37.3977 0.3
22.3225 37.3769 0.3
22.3342 37.3214 0.3
22.3133 37.3749 0.3
22.3918 37.4231 0.3
22.3034 37.304 0.3
22.2558 37.2735 0.3
22.2596 37.2698 0.3
22.2836 37.2406 0.3
22.2836 37.2406 0.3
22.4193 37.1368 0.3
22.3985 37.0081 0.3
22.375 36.9628 0.3
22.2488 36.9731 0.3
22.2475 36.9675 0.3
22.2673 36.755 0.3
22.2673 36.755 0.3
22.2534 36.762 0.3
22.2821 36.8684 0.3
22.2821 36.8684 0.3
22.2821 36.8684 0.3
22.2644 36.7761 0.3
22.2644 36.7761 0.3
22.2644 36.7761 0.3
22.2644 36.7761 0.3
22.203 36.7057 0.3
22.203 36.7057 0.3
22.203 36.7057 0.3
22.203 36.7057 0.3
22.203 36.7057 0.3
22.1327 36.6784 0.3
22.2415 36.6859 0.3
22.3267 36.611 0.3
22.3211 36.626 0.3
22.2341 36.572 0.3
22.2309 36.6208 0.3
22.2497 36.5763 0.3
22.2288 36.4756 0.3
22.27 36.4118 0.3
22.27 36.4118 0.3
22.1772 36.364 0.3
