-0.0306818 0.0225
-0.030278 0.00694586
0.0195317 -0.00394774
-0.0312796 0.0318332
-0.1875 0.1045
-0.161591 0.11477
-0.208149 0.119155
-0.133256 0.0744763
-0.130265 0.0417141
-0.14589 0.181902
-0.128336 0.193117
-0.132624 0.213204
-0.116239 0.241606
-0.100095 0.217379
-0.0895269 0.239538
-0.0861605 0.202337
-0.128449 0.234983
-0.0941841 0.223982
0.0155659 0.306732
0.00285036 0.334648
-0.00824166 0.395945
-0.00534393 0.382667
-0.0189192 0.392183
-0.0135442 0.348558
-0.0244981 0.428064
-0.0713353 0.46975
-0.061816 0.442282
-0.059219 0.450789
-0.0601739 0.398886
-0.141856 0.417108
-0.197463 0.445778
-0.318713 0.435028
-0.22275 0.452834
-0.278622 0.426851
-0.65968 0.425816
-0.657399 0.407191
-0.74457 0.500631
-0.778557 0.518987
-0.751919 0.53653
-0.792001 0.529261
-0.785907 0.566395
-0.834942 0.638612
-0.847463 0.653384
-0.895262 0.649939
-0.883671 0.678007
-0.937686 0.72709
-0.801457 0.670305
-0.861196 0.655051
-0.879652 0.681412
-0.8918 0.64325
-0.950042 0.754189
-0.932747 0.696881
-0.965233 0.71002
-1.1269 0.795411
-1.12698 0.816274
-1.02942 0.847723
-1.04996 0.800142
-1.09764 0.837013
-1.12373 0.799609
-1.09057 0.788281
-1.13632 0.733414
-1.1608 0.662358
-1.17016 0.609227
-1.20651 0.623514
-1.2179 0.538784
-1.23445 0.523659
-1.35178 0.515386
-1.42049 0.579306
-1.35063 0.604451
-1.39493 0.603591
-1.3901 0.590721
-1.39171 0.638667
-1.36458 0.603106
-1.37438 0.64426
-1.37851 0.641587
-1.37745 0.646499
-1.34534 0.699941
-1.49276 0.753993
-1.60237 0.818835
-1.75296 0.833778
-1.63865 0.892961
-1.84152 0.946161
-1.74929 0.949976
-1.47807 0.940193
-1.44564 0.986215
-1.16638 1.00888
-1.10506 0.992551
-1.11639 0.923408
-1.04259 0.902297
-1.01679 0.88339
-1.22907 0.901912
-1.00296 0.875914
-1.12921 0.963841
-1.09232 0.987405
-0.891042 0.965293
-0.780685 0.97539
-0.79381 1.06315
-0.905436 1.12598
-0.953977 1.09943
-0.993593 1.12252
-1.08158 1.12033
-1.16021 1.07214
-1.05172 1.1044
-0.991623 1.22397
-0.937374 1.32207
-1.18937 1.24175
-1.2315 1.31063
-1.36153 1.34021
-1.40946 1.362
-1.37428 1.40982
-1.2955 1.3745
-1.05134 1.36537
-0.87661 1.37872
-0.85128 1.31396
-0.896845 1.28516
-0.96481 1.28231
-0.897055 1.30412
-0.838131 1.36524
-0.886767 1.38486
-0.944987 1.35345
-0.70325 1.39419
-0.768566 1.45216
-0.78445 1.45336
-0.769297 1.4249
-0.945466 1.46432
-0.76597 1.37018
-0.929027 1.37923
-0.792232 1.41632
-0.840717 1.39764
-0.872515 1.44554
-0.846629 1.39798
-1.05726 1.39915
-1.09819 1.43254
-1.06726 1.4435
-1.10339 1.48038
-1.11961 1.4982
-1.09473 1.49392
-1.10224 1.50545
-1.10172 1.5781
-1.10992 1.55842
-1.07908 1.53086
-1.06055 1.52861
-1.08403 1.61471
-0.911367 1.52976
-0.960862 1.48899
-0.998833 1.43665
-1.10604 1.45197
-1.09113 1.47978
-1.12116 1.5037
-1.07867 1.45068
-1.07554 1.42391
-1.06491 1.45663
-1.0629 1.49981
-1.08385 1.4947
-1.12232 1.51081
-1.17581 1.47154
-1.17073 1.54673
-1.18793 1.57808
-1.16572 1.69346
-1.20444 1.7265
-1.22684 1.67871
-1.17702 1.69114
-1.25561 1.78938
-1.25137 1.81957
-1.24917 1.8416
-1.2005 1.83076
-1.25092 1.83484
-1.27009 1.7992
-1.12853 1.7659
-1.16074 1.72509
-1.15794 1.65029
-1.13057 1.67711
-1.17334 1.70393
-1.13948 1.63158
-1.27853 1.64394
-1.28736 1.62581
-1.37277 1.66434
-1.42064 1.73942
-1.55119 1.75155
-1.48949 1.76978
-1.43564 1.71847
-1.23088 1.61084
-1.40135 1.67176
-1.29844 1.71278
-1.40918 1.76723
-1.28246 1.76723
-1.33489 1.81744
-1.36798 1.92119
-1.61197 1.97858
-1.63851 2.01337
-1.59445 2.08734
-1.70329 2.12455
-1.63164 2.12146
-1.66716 2.1397
-1.66302 2.16604
-1.61002 2.18104
-1.63574 2.19637
-1.67655 2.26683
-1.65607 2.25333
-1.70314 2.22658
-1.69461 2.23407
-1.79861 2.24773
-1.78743 2.20322
-1.73792 2.24253
-1.77154 2.3401
-1.69614 2.3911
-1.74004 2.39159
-1.76523 2.41218
-1.75281 2.49676
-1.68473 2.54215
-1.73986 2.54744
-1.72886 2.55238
-1.66944 2.52266
-1.73761 2.51593
-1.76189 2.61032
-1.89751 2.5687
-1.74364 2.60429
-1.79894 2.64567
-1.85511 2.71847
-1.7238 2.69856
-1.89451 2.78387
-1.85368 2.88049
-1.8215 2.94546
-1.83494 2.94213
-1.9072 2.93533
-1.76973 3.03675
-1.68599 3.03503
-1.66326 3.06747
-1.8248 3.05419
-1.84334 3.06459
-1.63494 3.07089
-1.75541 3.11458
-1.89122 3.11181
-1.86342 3.14012
-1.74297 3.14909
-1.57161 3.23507
-1.63936 3.15389
-1.6413 3.15414
-1.68119 3.14029
-1.65896 3.05705
-1.67838 3.08567
-1.70887 3.18708
-1.75118 3.23932
-1.66128 3.24177
-1.55706 3.30879
-1.52302 3.3274
-1.55489 3.34606
-1.5568 3.33103
-1.58164 3.39683
-1.55593 3.48194
-1.54425 3.41588
-1.5049 3.48474
-1.50812 3.50996
-1.45484 3.49277
-1.49633 3.51145
-1.4825 3.48883
-1.52582 3.52227
-1.5019 3.54826
-1.61153 3.63337
-1.56339 3.59915
-1.62454 3.65025
-1.77771 3.78902
-1.83836 3.8818
-1.83343 3.94136
-1.77673 4.05523
-1.7289 4.05828
-1.67296 4.10474
-1.43946 4.03677
-1.19148 3.9368
-1.03313 3.76798
-0.919057 3.90189
-0.657029 4.17043
-0.414216 4.41937
-0.237818 4.35365
-0.120209 4.24307
0.14743 3.95469
0.0541763 3.90214
0.0416633 3.96355
0.328427 4.07098
0.597346 3.97629
0.514828 3.86691
0.671566 3.83038
0.759175 3.79379
0.851309 3.86465
1.01235 4.00061
1.33649 4.30871
1.49774 4.26936
1.73348 4.11555
1.8953 3.96869
2.08079 3.73541
2.33987 3.79731
2.53358 3.84537
2.63463 3.89722
2.77419 3.7008
3.03202 3.44701
3.12024 3.34105
3.40371 3.07707
3.64129 2.83508
3.66943 2.72383
3.41749 2.6496
3.4984 2.66015
3.41726 2.61253
3.27314 2.69388
2.96833 2.62074
3.08803 2.62459
2.95571 2.58593
2.75234 2.52631
2.4949 2.4082
2.36734 2.38745
2.55346 2.3348
2.51665 2.3795
2.39624 2.44157
2.29003 2.33685
2.27389 2.21313
2.18643 2.26371
2.14475 2.13148
2.01958 2.06414
1.92487 1.97318
1.71047 1.82524
1.49628 1.77193
1.2016 1.78148
0.956572 1.69258
0.697312 1.53876
0.446244 1.50863
0.209297 1.44187
0.0092485 1.36872
-0.183886 1.22362
-0.318792 1.09941
-0.432914 0.970376
-0.54112 0.836689
-0.638338 0.727411
-0.684347 0.650355
-0.747231 0.598948
-0.753119 0.535725
-0.764415 0.490511
-0.73815 0.437419
-0.705503 0.387084
-0.693974 0.323742
-0.663506 0.231448
-0.622843 0.136138
-0.595935 0.0479733
-0.606548 -0.0538165
-0.624809 -0.151672
-0.644606 -0.243496
-0.687186 -0.377033
-0.730911 -0.524708
-0.770652 -0.676219
-0.812219 -0.824753
-0.851322 -0.985662
-0.867599 -1.12312
-0.882457 -1.24035
-0.894074 -1.32384
-0.897502 -1.43664
-0.886632 -1.52088
-0.899314 -1.63777
-0.89221 -1.73692
-0.879606 -1.8972
-0.867604 -2.02301
-0.891913 -2.14253
-0.908389 -2.2654
-0.907846 -2.36334
-0.851454 -2.51072
-0.777838 -2.65467
-0.714079 -2.84074
-0.6482 -2.98037
-0.569446 -3.19206
-0.484809 -3.36929
-0.437405 -3.55043
-0.371993 -3.68673
-0.34261 -3.8531
-0.2918 -3.96196
-0.192508 -4.08662
-0.0444696 -4.18553
0.0673514 -4.38476
0.172666 -4.65135
0.264644 -4.77944
0.376234 -5.02371
0.483503 -5.18195
0.630894 -5.38603
0.78717 -5.60327
0.948504 -5.8608
1.06748 -6.05396
1.14267 -6.2619
1.21047 -6.65146
1.38134 -7.0261
1.4902 -7.46733
1.53515 -7.89684
1.59325 -8.24495
1.68119 -8.63915
1.73704 -8.82044
1.78577 -9.0243
1.88088 -9.0333
1.95352 -9.15682
2.06056 -9.23308
2.23872 -9.10821
2.43155 -8.97307
2.55705 -8.95814
2.71652 -8.80861
2.82057 -8.5953
2.95043 -8.51598
3.06036 -8.40076
3.23785 -8.34651
3.38409 -8.20562
3.54224 -8.18639
3.69578 -8.20098
3.90959 -8.14277
4.14983 -8.06985
4.32779 -8.14988
4.6012 -8.15075
4.86979 -8.1369
5.05671 -8.10004
5.27034 -8.00937
5.4966 -7.93355
5.66557 -8.0911
5.83661 -8.10178
6.10544 -8.12984
6.26054 -8.07389
6.59973 -8.18368
6.80109 -7.76379
7.06652 -7.76379
7.3347 -7.82557
6.95144 -8.40041
6.80916 -8.70977
6.30905 -9.03059
5.91741 -9.17658
5.64785 -9.49783
5.40515 -9.81431
5.08779 -9.89836
4.73591 -10.1318
4.38648 -10.4206
4.34876 -10.6291
4.28618 -10.8941
4.1571 -11.0394
4.05561 -11.291
4.02779 -11.327
4.01741 -11.4698
3.97415 -11.5886
3.9325 -11.6374
3.87871 -11.7529
3.70702 -11.7066
3.57108 -11.6753
3.46477 -11.4741
3.33632 -11.3326
3.35442 -10.9911
3.33397 -10.6673
3.28243 -10.3804
3.20903 -10.0537
3.0363 -9.72713
2.85989 -9.35054
2.6715 -8.86662
2.57566 -8.66463
2.33836 -8.36058
2.05502 -8.13158
1.75964 -7.84414
1.59732 -7.46477
1.26503 -7.17322
0.960009 -6.83566
0.743091 -6.52831
0.406114 -6.13365
0.216435 -5.95348
0.0274055 -5.62369
-0.185793 -5.42969
-0.380336 -5.31294
-0.53509 -5.17907
-0.666664 -5.03627
-0.825173 -4.90774
-0.990933 -4.67413
-1.15803 -4.53296
-1.37973 -4.34683
-1.60312 -4.18739
-1.81513 -4.01643
-1.98469 -3.84177
-2.19203 -3.61238
-2.35343 -3.41422
-2.4741 -3.4377
-2.63389 -3.38811
-2.80659 -3.35129
-2.9579 -3.28299
-3.07108 -3.24859
-3.20572 -3.23315
-3.30345 -3.15902
-3.45489 -3.06363
-3.5734 -2.97305
-3.71795 -2.84831
-3.83083 -2.84386
-3.95141 -2.90933
-3.96972 -2.8295
-3.95753 -2.75008
-3.97957 -2.90353
-4.0051 -2.8311
-4.07559 -2.83018
-4.11173 -2.86744
-4.21446 -2.76016
-4.28322 -2.73745
-4.30921 -2.63948
-4.27087 -2.33608
-4.2267 -2.08648
-4.18198 -1.88466
-4.21362 -1.67339
-4.22481 -1.5574
-4.28171 -1.55089
-4.2418 -1.495
-4.20434 -1.38647
-4.07532 -1.31156
-3.99719 -1.27495
-3.90435 -1.30168
-3.86616 -1.27329
-3.81825 -1.15846
-3.69502 -1.28957
-3.61203 -1.35538
-3.47806 -1.6175
-3.3639 -1.60834
-3.22625 -1.67754
-3.06191 -1.75845
-2.87753 -1.72849
-2.65381 -1.71442
-2.42984 -1.7111
-2.26356 -1.69975
-2.11127 -1.84976
-1.96685 -1.75304
-1.75771 -1.79969
-1.5269 -1.91164
-1.23965 -2.19396
-0.908014 -2.4624
-0.544257 -2.70072
-0.224922 -2.75728
0.167998 -2.80411
0.355414 -2.98278
0.66282 -3.14602
0.808274 -3.24576
0.987781 -3.36848
1.11607 -3.4913
1.30189 -3.69217
1.55932 -4.63284
1.63792 -4.82853
1.59817 -5.54338
1.58217 -5.73403
1.55277 -5.85642
1.67933 -6.10094
1.73474 -6.27029
1.89018 -6.36373
1.96637 -6.47628
1.99484 -6.50335
2.11706 -6.85607
2.1527 -6.97438
2.28944 -6.82977
2.47833 -7.00513
2.55155 -7.22865
2.69857 -7.42805
2.76097 -7.59651
2.87679 -7.90502
2.96005 -8.12378
2.99098 -8.16591
3.10715 -8.27815
3.25447 -8.47194
3.30159 -8.53095
3.3955 -8.51701
3.5698 -8.6442
3.70972 -8.8322
3.86744 -8.8222
4.04855 -8.81265
4.28993 -8.88989
4.40083 -8.87346
4.5322 -8.85841
4.68602 -9.01434
4.80343 -9.14376
4.92968 -9.27484
5.14667 -9.50394
5.3546 -9.60287
5.54219 -9.6353
5.81399 -9.87766
6.02223 -9.94994
6.23637 -9.82419
6.52398 -9.79351
6.83841 -9.70912
7.11492 -9.54354
7.47401 -9.29746
7.72764 -9.14322
8.0153 -8.90942
8.21771 -8.78541
8.46142 -8.91269
8.69864 -8.96619
8.91921 -9.01839
9.26642 -9.05987
9.79315 -9.11731
10.2986 -9.26977
10.5714 -9.41071
10.9382 -9.52808
11.2877 -9.39596
11.6349 -9.32146
11.8875 -9.19635
12.1837 -9.21688
12.4831 -9.4132
12.4247 -9.47195
12.3819 -9.27814
12.554 -9.43621
12.4151 -9.17835
12.2491 -9.20686
12.2015 -8.98611
12.0937 -8.77172
11.9216 -8.91448
11.7011 -8.83055
11.5128 -8.81222
11.4598 -9.06478
11.2668 -9.23796
11.0688 -9.21815
10.5688 -9.02998
10.1346 -9.11876
9.73856 -9.21818
9.41855 -9.08341
9.20324 -9.10846
9.07466 -9.05953
8.88507 -9.03262
8.72804 -9.00101
8.54571 -8.9749
8.36878 -8.96356
8.2772 -8.93863
8.13488 -8.94794
7.92902 -8.94506
7.76944 -8.88798
7.6806 -8.91776
7.47212 -8.70585
7.37502 -8.558
7.16017 -8.36885
6.94577 -8.19297
6.72388 -7.91565
6.5872 -7.63059
6.41371 -7.41645
6.2713 -7.21596
6.15481 -6.93353
5.97444 -6.66239
5.87669 -6.35019
5.70764 -6.29303
5.72681 -6.11639
5.71278 -6.00111
5.65816 -5.78697
5.67275 -5.57985
5.73264 -5.69458
5.84852 -5.79972
5.87453 -5.86684
5.88644 -5.89262
5.97072 -5.86018
6.0114 -5.78415
6.0002 -5.71223
6.16423 -5.69196
6.23076 -5.66974
6.42654 -5.84622
6.60474 -5.94565
6.76534 -6.08129
6.78942 -6.00156
6.87506 -5.93717
6.8721 -5.89733
6.78852 -5.86206
6.69229 -5.87734
6.61231 -5.92838
6.54316 -6.02167
6.47812 -6.05045
6.38438 -6.24082
6.33992 -6.41122
6.24481 -6.61649
6.11011 -6.80008
5.94538 -7.00934
5.76468 -7.1845
5.55351 -7.36083
5.32969 -7.46151
5.15279 -7.61188
4.97108 -7.73557
4.67171 -8.00875
4.4155 -8.12782
4.15637 -8.23091
3.7868 -8.35397
3.35269 -8.4272
2.97527 -8.7189
2.55411 -8.87945
2.26668 -9.11408
1.95996 -9.31004
1.70556 -9.49471
1.39047 -9.62711
1.08052 -9.77149
0.704193 -10.0436
0.372075 -10.2705
0.123842 -10.3622
-0.22014 -10.4304
-0.560995 -10.5349
-0.85614 -10.5055
-1.12605 -10.522
-1.40315 -10.5733
-1.66065 -10.6253
-1.91187 -10.6577
-2.14255 -10.6112
-2.42291 -10.5282
-2.68704 -10.4621
-2.94493 -10.3697
-3.26349 -10.2829
-3.58398 -10.1732
-3.92318 -10.0721
-4.28855 -9.97956
-4.54266 -9.87328
-4.82799 -9.76551
-5.03019 -9.65026
-5.28953 -9.48428
-5.56224 -9.33747
-5.87281 -9.24916
-6.22229 -9.09412
-6.47433 -9.01058
-6.76718 -9.06397
-7.00423 -9.10697
-7.18563 -9.2927
-7.40332 -9.3546
-7.6383 -9.34691
-7.83128 -9.34847
-8.00428 -9.2454
-8.16606 -9.17121
-8.38483 -9.1994
-8.62098 -9.20888
-8.80988 -9.03228
-9.04397 -8.98453
-9.1728 -8.75544
-9.30399 -8.61243
-9.416 -8.53183
-9.50329 -8.46059
-10.1406 -8.32803
-10.4507 -8.40531
-10.8267 -7.47511
-11.2731 -6.47605
-11.3858 -6.14159
-11.5167 -6.00139
-11.6581 -5.78925
-11.6028 -5.56814
-11.7228 -5.56517
-11.7897 -5.63166
-11.7816 -5.70943
-11.8494 -5.69848
-11.8446 -5.68791
-11.8738 -5.65365
-11.7825 -5.67173
-11.7036 -5.57058
-11.7647 -5.52928
-11.7551 -5.45323
-11.7571 -5.32417
-11.7431 -5.16943
-11.7166 -5.19977
-11.6838 -5.15968
-11.6899 -5.18059
-11.6493 -5.17886
-11.5546 -5.12844
-11.5213 -5.16155
-11.4251 -4.89826
-11.3184 -4.80967
-11.1116 -4.61365
-10.978 -4.48133
-10.8612 -4.31051
-10.6643 -4.19794
-10.4374 -4.31906
-10.1349 -4.39506
-9.95253 -4.47419
-9.68645 -4.5589
-9.4611 -4.63869
-9.15718 -4.65089
-8.96725 -4.60254
-8.70621 -4.6791
-8.43924 -4.68799
-8.41991 -4.70049
-8.4125 -4.57931
-8.24127 -4.30868
-8.05287 -4.7411
-7.914 -5.00921
-7.7817 -5.31552
-7.60132 -5.50002
-7.38591 -5.75686
-7.15705 -5.99587
-7.1122 -6.2813
-7.04969 -6.29304
-6.98674 -6.25559
-6.77531 -6.16316
-6.5221 -6.01481
-6.39428 -5.92165
-6.23824 -5.85536
-6.14725 -5.80018
-6.01487 -5.76683
-5.86364 -5.71586
-5.81024 -5.75082
-5.71996 -5.75389
-5.57561 -5.77779
-5.09274 -6.03158
-4.53016 -6.29626
-4.25632 -6.58993
-3.84162 -6.74113
-3.71721 -6.70173
-3.56816 -6.70621
-3.45122 -6.78774
-3.367 -6.98399
-3.23721 -7.07879
-3.04808 -7.05495
-2.71932 -6.46372
-2.35604 -6.34168
-2.19202 -6.49303
-1.71861 -5.49785
-1.34187 -5.46882
-0.605274 -4.60245
0.167933 -4.19248
0.840815 -3.4738
1.75099 -2.97249
2.88204 -3.28267
3.96023 -3.60975
4.60224 -3.0458
4.80978 -2.93962
5.02487 -2.90016
5.28392 -2.65335
5.50231 -2.33168
5.73708 -2.33072
5.77034 -2.45285
5.85178 -2.55038
5.93897 -2.52825
5.9966 -2.24112
6.15788 -1.87159
6.22376 -1.63201
6.29669 -1.49304
6.4254 -1.51527
6.53354 -1.52153
6.74311 -1.4902
6.94096 -1.48398
7.10107 -1.49721
7.21748 -1.44804
7.42325 -1.48658
7.65294 -1.24069
7.94053 -1.10351
8.28319 -0.83345
8.39153 -1.04704
8.55427 -0.860144
8.79771 -0.858198
9.07896 -0.683859
9.51052 -0.644452
9.9565 -0.642637
10.0811 -0.609796
10.2328 -0.561759
10.4413 -0.565673
10.7479 -0.426034
11.1785 -0.410109
11.6069 -0.437796
11.9838 -0.400792
12.3807 -0.282846
12.7587 -0.0925416
13.0252 -0.0272197
13.2507 -0.00800449
13.4176 0.0439715
13.8356 0.142599
14.1601 0.142992
14.6626 0.140307
15.1245 0.151625
15.4975 0.058385
15.8884 -0.08322
16.2395 -0.188593
16.5025 -0.157298
16.6844 -0.111646
16.8412 -0.0213388
16.9998 0.0961278
17.1569 0.197549
17.4493 0.257309
17.6014 0.24569
17.8521 0.285982
18.0616 0.329129
18.2853 0.575312
18.5782 0.663803
18.8244 0.940431
19.0407 1.21654
19.2195 1.4078
19.4631 1.64488
19.7706 1.92602
19.9962 2.23854
20.3103 2.59814
20.6218 2.74339
20.9358 2.77623
21.1129 2.93702
21.5091 2.95611
22.5142 2.80326
24.1264 3.79908
25.5176 4.43818
27.1692 5.34564
28.4075 6.31432
28.7403 6.76633
29.262 7.23111
29.5904 7.59678
30.1621 8.53218
31.2002 9.05045
32.3587 9.67625
33.4564 10.5472
34.5987 11.1687
35.3004 11.8102
35.5831 12.194
35.8866 12.4476
36.4477 12.7989
36.9351 13.0942
37.3009 13.3064
37.677 13.5097
38.0199 13.7156
38.3326 14.0169
38.527 14.0946
38.6852 14.3249
39.0486 14.3766
39.3837 14.4405
39.6429 14.3938
39.8633 14.3656
40.1033 14.3206
40.2936 14.4114
40.5911 14.4396
40.8966 14.3867
41.1652 14.4594
41.3925 14.5845
41.695 14.7291
42.0551 14.8667
42.2717 15.006
42.591 15.1742
42.917 15.3178
43.3153 15.3645
43.7293 15.4598
44.2461 15.5632
44.6885 15.6446
45.1059 15.6206
45.5035 15.5395
45.8991 15.5686
46.3018 15.6055
46.7289 15.6137
47.0673 15.5769
47.4179 15.5692
47.7971 15.4659
48.1816 15.3845
48.5528 15.2395
48.8938 15.0694
49.3116 14.896
49.6754 14.6952
50.0273 14.5207
50.3709 14.3101
50.6994 14.1493
51.0317 13.966
51.3503 13.7509
51.6599 13.5493
51.9708 13.3969
52.3327 13.1822
52.7036 13.102
53.0657 12.9511
53.4166 12.8472
53.7981 12.6704
54.1336 12.5103
54.4759 12.4139
54.781 12.3061
55.0433 12.2536
55.3308 12.1961
55.4771 12.12
55.676 12.042
55.8542 12.1394
55.9812 12.2457
55.9862 12.2505
56.3641 12.4294
56.3641 12.4294
56.3641 12.4294
56.3641 12.4294
56.3641 12.4294
56.3641 12.4294
56.7542 12.5949
57.1543 12.6087
57.1543 12.6087
57.1543 12.6087
57.1846 12.5988
57.1846 12.5988
57.1846 12.5988
57.1846 12.5988
57.1953 12.4598
57.1953 12.4598
57.2439 12.5254
57.2439 12.5254
57.3029 12.4618
57.3029 12.4618
57.3029 12.4618
57.3029 12.4618
57.3029 12.4618
57.3029 12.4618
57.3029 12.4618
57.3029 12.4618
57.3029 12.4618
57.3029 12.4618
57.3029 12.4618
57.3029 12.4618
57.0116 12.5876
57.0116 12.5876
57.0116 12.5876
57.0116 12.5876
56.973 12.712
56.8045 12.6121
56.8045 12.6121
56.8045 12.6121
56.8045 12.6121
56.8045 12.6121
56.8045 12.6121
56.8437 12.7287
56.8437 12.7287
56.8348 12.6661
56.8228 12.6503
56.6971 12.6495
56.6971 12.6495
56.6971 12.6495
56.6971 12.6495
56.6971 12.6495
56.6971 12.6495
56.5467 12.6068
56.6567 12.556
56.6567 12.556
56.7301 12.5293
56.7301 12.5293
56.6226 12.4466
56.6226 12.4466
56.6226 12.4466
56.6226 12.4466
56.6397 12.4222
56.6818 12.3842
56.6818 12.3842
56.6818 12.3842
56.6818 12.3842
56.6818 12.3842
56.6818 12.3842
56.6818 12.3842
56.6818 12.3842
56.6818 12.3842
56.5904 12.4475
56.4284 12.4018
56.4284 12.4018
56.4284 12.4018
56.3008 12.4114
56.3008 12.4114
56.3008 12.4114
56.3008 12.4114
56.3625 12.4118
56.2891 12.5737
56.2891 12.5737
56.2891 12.5737
56.2891 12.5737
56.2891 12.5737
56.2891 12.5737
56.2891 12.5737
56.2891 12.5737
56.2891 12.5737
56.2091 12.7469
56.0888 12.6142
56.0888 12.6142
56.0888 12.6142
56.0888 12.6142
56.0888 12.6142
56.0888 12.6142
56.0888 12.6142
56.0888 12.6142
55.9788 12.582
55.8852 12.5352
55.8852 12.5352
55.8852 12.5352
55.8852 12.5352
55.7779 12.5146
55.6352 12.68
55.62 12.5741
55.4951 12.3979
55.4951 12.3979
55.4951 12.3979
55.4951 12.3979
55.4951 12.3979
55.4981 12.3139
55.4981 12.3139
55.4981 12.3139
55.4981 12.3139
55.4981 12.3139
55.4981 12.3139
55.4981 12.3139
55.4981 12.3139
55.4981 12.3139
55.3404 12.3824
55.3404 12.3824
55.3404 12.3824
55.3404 12.3824
55.1938 12.3824
55.0107 12.4608
55.0107 12.4608
55.0558 12.4208
55.0558 12.4208
55.0558 12.4208
55.011 12.5636
55.011 12.5636
55.011 12.5636
55.011 12.5636
55.011 12.5636
55.011 12.5636
54.9704 12.6679
54.9704 12.6679
54.9704 12.6679
54.9324 12.6013
54.9324 12.6013
54.9324 12.6013
54.7328 12.6142
54.7656 12.606
54.7656 12.606
54.7656 12.606
54.7656 12.606
54.7656 12.606
54.7384 12.7285
54.6786 12.4482
54.6786 12.4482
54.5855 12.4861
54.7088 12.602
54.7088 12.602
54.7088 12.602
54.7088 12.602
54.7088 12.602
54.7088 12.602
54.7088 12.602
54.7088 12.602
54.6027 12.5666
54.6027 12.5666
54.6027 12.5666
54.6027 12.5666
54.6027 12.5666
54.5234 12.5831
54.5488 12.6536
54.6314 12.7537
54.6029 12.8231
54.6029 12.8231
54.6029 12.8231
54.6029 12.8231
54.6029 12.8231
54.6029 12.8231
54.5246 12.9131
54.5246 12.9131
54.5246 12.9131
54.5246 12.9131
54.5246 12.9131
54.5246 12.9131
54.5246 12.9131
54.6393 12.9938
54.6393 12.9938
54.6393 12.9938
54.6393 12.9938
54.512 12.7503
54.512 12.7503
54.512 12.7503
54.512 12.7503
54.512 12.7503
54.5082 12.6829
54.5082 12.6829
54.5532 12.7916
54.5532 12.7916
54.5532 12.7916
54.5532 12.7916
54.5532 12.7916
54.5532 12.7916
54.5532 12.7916
54.5532 12.7916
54.5532 12.7916
54.5532 12.7916
54.5532 12.7916
54.5532 12.7916
54.5532 12.7916
54.5532 12.7916
54.5728 12.8112
54.5728 12.8112
54.5728 12.8112
54.5728 12.8112
54.4678 12.7392
54.4678 12.7392
54.4678 12.7392
54.4678 12.7392
54.4678 12.7392
54.4678 12.7392
54.4678 12.7392
54.4678 12.7392
54.4678 12.7392
54.4678 12.7392
54.4678 12.7392
54.4678 12.7392
54.4678 12.7392
54.4678 12.7392
54.4678 12.7392
54.4678 12.7392
54.4678 12.7392
54.4678 12.7392
54.3804 12.5406
54.3804 12.5406
54.2634 12.4618
54.2634 12.4618
54.2634 12.4618
54.2634 12.4618
54.2634 12.4618
54.2089 12.4209
54.2089 12.4209
54.2089 12.4209
54.2089 12.4209
54.2089 12.4209
54.2469 12.414
54.2469 12.414
54.2469 12.414
54.2051 12.3593
54.2051 12.3593
54.2051 12.3593
54.2684 12.2703
54.2684 12.2703
54.2684 12.2703
54.1891 12.2574
54.1891 12.2574
54.1538 12.4695
54.1538 12.4695
53.9125 12.4818
53.9125 12.4818
53.9125 12.4818
53.9125 12.4818
53.9125 12.4818
53.9125 12.4818
53.9125 12.4818
53.9057 12.5053
53.9057 12.5053
