-0.0274152 0.0372501
-0.0565931 0.0419554
-0.0826266 0.0285626
-0.0910379 0.0177966
-0.129689 -0.031936
-0.14466 -0.00430701
-0.0219074 -0.0433893
0.019446 -0.0474387
-0.00642446 -0.0419275
0.0182576 -0.0523422
0.0319362 0.0284793
0.0257332 0.0700394
-0.135327 0.0936372
-0.280679 0.138836
-0.296939 0.207755
-0.318792 0.222086
-0.385871 0.245049
-0.387762 0.267959
-0.397314 0.341987
-0.365674 0.346993
-0.392482 0.350394
-0.390153 0.311303
-0.419714 0.276366
-0.370457 0.340255
-0.387972 0.359381
-0.4154 0.33506
-0.470883 0.29219
-0.45855 0.296274
-0.431109 0.378568
-0.464993 0.410683
-0.468439 0.400624
-0.489718 0.493584
-0.558665 0.513414
-0.499171 0.517116
-0.498259 0.484095
-0.491443 0.462382
-0.527356 0.486918
-0.530106 0.477501
-0.5987 0.507658
-0.590566 0.557048
-0.667306 0.570182
-0.570342 0.587883
-0.543411 0.592687
-0.509039 0.5272
-0.515817 0.447791
-0.369629 0.444069
-0.494422 0.471612
-0.433614 0.499964
-0.558592 0.482942
-0.714951 0.508935
-0.697812 0.453425
-0.674877 0.462124
-0.566762 0.416965
-0.732438 0.465277
-0.7969 0.418491
-0.850608 0.461107
-0.755396 0.506692
-0.706425 0.53581
-0.551858 0.574127
-0.637854 0.592707
-0.797644 0.589798
-0.932811 0.585324
-1.07859 0.570327
-1.04671 0.536186
-0.915351 0.528942
-0.816367 0.575426
-0.767705 0.541875
-0.672611 0.599531
-0.606895 0.603334
-0.464069 0.584149
-0.344745 0.567873
-0.309812 0.626892
-0.254187 0.578694
-0.310667 0.598324
-0.474464 0.60798
-0.602055 0.621901
-0.595041 0.600796
-0.479791 0.659896
-0.364087 0.64221
-0.228729 0.67899
-0.371201 0.676044
-0.320856 0.664937
-0.450653 0.717735
-0.369832 0.764258
-0.389311 0.83944
-0.495269 0.858662
-0.491305 0.78339
-0.471627 0.80153
-0.451652 0.860917
-0.531143 0.866569
-0.534834 0.874848
-0.486576 0.873313
-0.469927 0.875273
-0.46989 0.945576
-0.440827 0.965946
-0.451867 0.985595
-0.479784 1.01903
-0.47828 0.94299
-0.483329 0.990882
-0.507026 0.961689
-0.523209 0.98347
-0.526459 0.988311
-0.53543 0.995181
-0.514466 0.991676
-0.556259 0.906402
-0.605377 0.914653
-0.635834 0.973737
-0.564511 0.931046
-0.483497 0.993621
-0.404177 0.932612
-0.525397 0.90286
-0.489845 0.84491
-0.688287 0.791039
-0.793366 0.841175
-0.939336 0.861408
-1.01289 0.810274
-1.08442 0.772237
-1.03314 0.704507
-0.951018 0.756607
-0.996249 0.778616
-0.957314 0.8344
-1.02525 0.846339
-0.913396 0.890864
-0.922588 0.867324
-1.04705 0.899676
-0.959854 0.910222
-0.978435 0.911125
-0.945688 0.897687
-1.05604 0.950699
-1.1838 0.941621
-1.13854 0.951288
-1.11894 0.971282
-0.964535 0.938844
-0.791793 0.934605
-0.771508 0.930205
-0.812951 0.969136
-0.968009 1.02816
-1.23416 1.06476
-1.48208 1.10692
-1.60417 1.11725
-1.65325 1.09981
-1.71996 1.19856
-1.73326 1.2142
-1.69671 1.20017
-1.60422 1.24454
-1.66129 1.27954
-1.61214 1.31759
-1.60311 1.34972
-1.57871 1.38911
-1.41833 1.42432
-1.167 1.4063
-1.13653 1.38843
-1.17716 1.37887
-0.89226 1.32938
-0.641024 1.25579
-0.389719 1.17618
-0.0651742 1.00634
0.24353 0.807758
0.287455 0.727669
0.4424 0.597125
0.537847 0.343054
0.432723 0.275577
0.777765 0.565056
0.766814 0.559226
0.561288 0.452427
0.448868 0.348011
0.405086 0.273664
0.36781 0.242199
0.0205344 -0.0533677
-0.151333 -0.124651
-0.410121 -0.30143
-0.627021 -0.437879
-0.741249 -0.474205
-0.662473 -0.406082
-0.733865 -0.511848
-0.717322 -0.542132
-0.405601 -0.388311
-0.319179 -0.419808
-0.494203 -0.547829
-0.693137 -0.633692
-0.737824 -0.651966
-0.800127 -0.669796
-0.47595 -0.439308
-0.327327 -0.311161
-0.396591 -0.40633
-0.216168 -0.3004
-0.202211 -0.353079
-0.375818 -0.543941
-0.324354 -0.505303
-0.403793 -0.6174
-0.461296 -0.631915
-0.26947 -0.524319
0.0719532 -0.272257
0.443203 -0.0390643
0.669232 0.213941
1.05105 0.370406
0.998859 0.336578
0.934492 0.291407
0.934492 0.291407
0.711664 0.0905703
0.464957 0.0558339
0.388477 0.0124046
0.542217 0.108217
0.483603 0.118582
0.294092 0.0710947
0.180268 -0.111898
0.147205 -0.406246
0.369647 -0.668659
0.627279 -0.921312
0.517851 -0.823187
0.532459 -0.836735
0.630119 -0.776861
0.745055 -0.824907
1.02175 -0.983491
1.29671 -1.02143
1.48744 -1.15677
1.44717 -1.18661
1.66141 -1.31415
1.80649 -1.47953
1.96887 -1.64998
2.09788 -1.83321
2.20398 -1.9776
2.22454 -2.09534
2.25016 -2.2124
2.22902 -2.28826
2.18264 -2.3833
2.15394 -2.46874
2.10628 -2.55473
2.07945 -2.62837
2.02155 -2.71261
1.98257 -2.81775
1.90851 -2.8863
1.929 -2.89583
1.96656 -2.90366
1.96937 -2.96121
1.97526 -3.05573
1.9882 -3.07526
1.98803 -3.12392
2.00834 -3.13435
1.9908 -3.22066
1.98152 -3.27777
2.06066 -3.31799
2.10612 -3.34988
2.20109 -3.30067
2.24979 -3.32107
2.36451 -3.30715
2.5255 -3.32822
2.68616 -3.39708
2.80843 -3.35717
2.96416 -3.33278
3.09188 -3.39407
3.20693 -3.49276
3.35234 -3.54927
3.52708 -3.68068
3.65706 -3.79086
3.72839 -3.90205
3.82521 -4.01487
3.92129 -4.11031
4.03772 -4.17136
4.17917 -4.41831
4.34122 -4.50511
4.4962 -4.68168
4.66611 -4.86306
4.80076 -5.03215
4.95822 -5.11139
5.11104 -5.23009
5.30578 -5.31083
5.51797 -5.58664
5.77077 -5.73636
5.98593 -5.93629
6.15743 -6.06187
6.31875 -6.20995
6.46428 -6.23522
6.59207 -6.37285
6.83098 -6.50256
6.95457 -6.57676
7.12273 -6.65415
7.24873 -6.6752
7.34264 -6.59742
7.37544 -6.39841
7.44133 -6.23734
7.48515 -5.90679
7.53935 -5.78688
7.5516 -5.51453
7.59385 -5.22888
7.59461 -5.07596
7.57044 -4.76785
7.63133 -4.51251
7.68233 -4.31997
7.69778 -4.15228
7.74997 -3.99356
7.78275 -3.83929
7.81824 -3.61649
7.8392 -3.31161
7.89721 -3.10176
7.9352 -2.75196
7.98365 -2.51199
8.02997 -2.23181
8.08111 -1.99418
8.14694 -1.74215
8.2145 -1.56035
8.24633 -1.36692
8.27644 -1.13834
8.33343 -0.886355
8.40092 -0.645411
8.48748 -0.463876
8.60323 -0.267867
8.73558 -0.0596756
8.85583 0.144029
8.98708 0.336851
9.12739 0.444255
9.26334 0.562972
9.41248 0.682417
9.56969 0.764859
9.74746 0.816741
9.92181 0.893684
10.1458 0.935657
10.403 0.945711
10.8027 0.931562
11.076 0.901913
11.3856 0.892832
11.6987 0.863248
12.0023 0.818026
12.2593 0.694432
12.5602 0.634706
12.7768 0.584159
13.0745 0.393944
13.3936 0.194554
13.7338 0.00845616
14.0167 -0.174914
14.1844 -0.419283
14.3539 -0.62012
14.6759 -0.809269
14.968 -0.97249
15.1392 -1.12539
15.2492 -1.23695
15.5466 -1.45847
15.6555 -1.61011
15.9919 -1.81716
16.2889 -2.03414
16.5509 -2.1277
16.3452 -2.12982
16.2931 -2.25494
16.3988 -2.39912
16.7397 -2.62073
16.9468 -2.68399
17.0772 -2.77221
17.0242 -2.7675
17.2676 -2.90886
17.4881 -3.0124
17.8113 -3.22532
17.9793 -3.3053
18.141 -3.1542
18.0724 -3.27731
18.024 -3.57882
18.0633 -3.6491
18.0577 -3.69769
18.1548 -3.68958
18.1806 -3.68149
18.2284 -3.75346
18.3139 -3.8033
18.354 -3.79217
18.3047 -3.71396
18.3607 -3.70083
18.2436 -3.62394
18.3207 -3.72507
18.352 -3.70824
18.3506 -3.57304
18.4022 -3.59556
18.473 -3.64773
18.3746 -3.58601
18.3454 -3.53258
18.421 -3.60317
18.4702 -3.51148
18.3735 -3.48796
18.5542 -3.59821
18.5571 -3.55523
18.6013 -3.58956
18.5098 -3.50917
18.6076 -3.65321
18.4979 -3.59913
18.5027 -3.65064
18.5498 -3.75919
18.4056 -3.67814
18.5284 -3.83131
18.4711 -3.75263
18.5048 -3.72056
18.4599 -3.64848
18.5123 -3.64375
18.498 -3.63878
18.4844 -3.62297
18.5783 -3.69768
18.5765 -3.65946
18.6187 -3.76872
18.585 -3.70617
18.4928 -3.62783
18.3928 -3.52143
18.4067 -3.58582
18.3088 -3.46249
18.3382 -3.36918
18.2429 -3.24981
18.2981 -3.30215
18.3681 -3.33184
18.3472 -3.39024
18.3039 -3.38494
18.3106 -3.35134
18.2444 -3.32954
18.3581 -3.4038
18.3117 -3.30619
18.4807 -3.358
18.363 -3.3516
18.2583 -3.23652
18.371 -3.2146
18.3901 -3.12187
18.3803 -3.17344
18.2648 -2.98339
18.3157 -3.02945
18.2888 -2.98602
18.2195 -2.92972
18.3967 -3.02127
18.3587 -2.98657
18.321 -2.98476
18.2618 -2.97651
18.1983 -2.97179
18.2099 -2.98373
18.1556 -2.92623
18.1434 -2.94581
17.9844 -2.83703
17.9927 -2.79444
18.0251 -2.76579
18.1187 -2.76434
18.1731 -2.95535
18.132 -2.83389
18.0761 -2.74584
18.1502 -2.79025
18.1659 -2.72304
18.1462 -2.77436
18.1644 -2.91687
18.1181 -2.89921
18.0311 -2.74623
18.1023 -2.72646
18.056 -2.70978
17.9571 -2.60701
18.0978 -2.65155
18.1033 -2.58624
18.0608 -2.38173
18.1743 -2.52431
18.2707 -2.57792
18.0869 -2.45846
18.1475 -2.43289
18.2244 -2.50509
18.1714 -2.43742
18.0387 -2.31998
17.9582 -2.34018
17.992 -2.31634
17.9849 -2.29533
17.9288 -2.25112
17.966 -2.17527
17.9672 -2.17092
17.9345 -2.10578
17.9339 -1.97819
17.9409 -1.93674
18.0458 -2.06869
17.9484 -2.02335
17.8374 -1.87549
17.8161 -1.83361
17.8652 -1.78424
17.9634 -1.8138
17.9105 -1.77145
17.7607 -1.62325
17.7531 -1.6358
17.8225 -1.62087
17.7936 -1.72754
17.7806 -1.68155
17.8664 -1.7822
17.7895 -1.66842
17.7462 -1.52761
17.7363 -1.53979
17.6973 -1.52743
17.7036 -1.43632
17.6981 -1.37861
17.6552 -1.3253
17.6412 -1.33538
17.725 -1.35656
17.6594 -1.27798
17.6265 -1.2548
17.6357 -1.20686
17.5798 -1.16114
17.7702 -1.35917
17.761 -1.31539
17.7806 -1.29002
17.7786 -1.23697
17.7506 -1.24568
17.6609 -1.15068
17.7256 -1.16971
17.6277 -1.06567
17.7363 -1.17401
17.5832 -1.00585
17.7752 -1.15638
17.7506 -1.13819
17.7076 -1.11474
17.6098 -1.01441
17.7547 -1.1661
17.59 -0.936927
17.736 -1.08459
17.7137 -1.06976
17.6309 -1.09682
17.7698 -1.22576
17.9308 -1.35174
18.1352 -1.57958
18.1133 -1.56054
17.9457 -1.34754
17.997 -1.32327
18.1723 -1.53386
18.2828 -1.53856
18.4896 -1.73516
18.5715 -1.86321
18.5594 -1.79948
18.4032 -1.73826
18.2063 -1.50314
18.0691 -1.40505
17.9594 -1.33851
17.8096 -1.24091
17.9043 -1.24459
17.9771 -1.25251
17.9826 -1.28532
18.0677 -1.24027
18.0066 -1.1992
18.0198 -1.2233
18.1456 -1.28038
18.3453 -1.52387
18.5129 -1.73623
18.6072 -1.87972
18.6252 -1.97525
18.6157 -1.96792
18.5374 -1.75178
18.3093 -1.46964
18.2754 -1.48206
18.3846 -1.53606
18.5284 -1.7451
18.5741 -1.81818
18.5019 -1.73194
18.1724 -1.45117
18.1516 -1.41701
18.3541 -1.59075
18.3344 -1.62868
18.5716 -1.73768
18.6899 -1.81806
18.6101 -1.77401
18.3591 -1.52667
18.5879 -1.70988
18.4862 -1.79692
18.2907 -1.61981
18.2927 -1.63481
18.442 -1.83592
18.3693 -1.73276
18.3055 -1.65821
18.2692 -1.6325
18.4488 -1.75381
18.3326 -1.64876
18.3522 -1.64939
18.4692 -1.73848
18.5337 -1.77429
18.3262 -1.47527
18.5462 -1.69247
18.547 -1.58147
18.6175 -1.54175
18.3176 -1.24279
18.3142 -1.24078
18.3048 -1.21935
18.063 -0.926797
18.124 -1.02525
17.9346 -0.845878
18.0299 -0.988026
17.9324 -0.852927
18.0963 -1.05226
18.105 -1.08151
18.3237 -1.35067
18.3489 -1.28307
18.612 -1.55151
18.6336 -1.60349
18.3072 -1.28861
18.3507 -1.38224
18.0748 -1.08844
18.1249 -1.19025
18.0063 -1.00386
18.1354 -1.14444
18.0331 -0.903923
18.0721 -0.86985
17.7856 -0.60041
17.8441 -0.513442
17.9604 -0.585551
17.7467 -0.366159
17.7721 -0.372004
17.6212 -0.206893
17.6286 -0.180011
17.9101 -0.470917
17.8289 -0.259792
17.8737 -0.335144
17.5604 -0.0850668
17.5616 -0.106004
17.8223 -0.302317
17.8728 -0.139165
18.1164 -0.337916
17.9349 -0.130302
17.8709 -0.109014
18.0381 -0.236861
18.0421 -0.117786
18.0305 -0.236287
17.8258 0.0157949
17.9148 0.0555651
18.1969 -0.235811
18.2198 -0.298984
18.2581 -0.388444
18.0425 -0.103488
18.0561 0.0301836
18.1596 -0.105301
17.9938 0.0914299
17.9731 0.145153
17.955 0.0807107
18.0847 0.0372768
18.0328 0.197526
17.9948 0.205595
18.2505 0.02289
18.0057 0.314887
18.041 0.365557
18.0987 0.329992
18.0738 0.448401
18.0728 0.504026
18.0625 0.421785
17.8583 0.745951
17.8424 0.716824
18.021 0.529324
17.7835 0.735574
17.7696 0.724556
17.79 0.807208
17.8649 0.698233
17.8423 0.767944
17.7401 0.931873
17.6814 0.949855
17.7446 0.919855
17.6914 0.91718
17.6567 0.984872
17.6968 1.03396
17.7183 1.06045
17.7695 1.0905
17.7044 1.134
17.6758 1.19357
17.7031 1.22933
17.652 1.21549
17.6831 1.19498
17.6833 1.17901
17.3696 1.47885
17.5329 1.39681
17.3911 1.56738
17.5645 1.33289
17.5212 1.25866
17.3623 1.49518
17.5173 1.38605
17.5054 1.42909
17.205 1.68549
17.4522 1.50447
17.5104 1.5084
17.2597 1.71966
17.4017 1.70972
17.3863 1.71216
17.5058 1.54059
17.6832 1.4276
17.6613 1.40334
17.4615 1.46733
17.4328 1.46808
17.5665 1.39348
17.5773 1.36195
17.3691 1.50156
17.3614 1.52795
17.544 1.3496
17.5242 1.3451
17.3635 1.55042
17.3626 1.56233
17.5305 1.38429
17.6612 1.2783
17.513 1.48036
17.8934 1.32047
17.7908 1.40958
17.5369 1.66114
17.7846 1.52483
17.8313 1.45074
17.7142 1.65532
17.445 1.95609
17.7009 1.70896
17.5944 1.85827
17.5362 1.84408
17.6859 1.70272
17.7365 1.76397
17.5353 1.98834
17.3621 2.13392
17.688 1.8239
17.8107 1.69687
17.71 1.71908
17.619 1.73951
17.8374 1.5586
17.8117 1.53542
17.6039 1.76619
17.7558 1.63369
17.769 1.65967
17.4683 1.91379
17.244 2.16835
17.3475 2.07047
17.5013 1.92684
17.5285 1.88709
17.4012 2.05793
17.6127 1.78287
17.7755 1.57793
17.6091 1.68703
17.6217 1.73166
17.6844 1.80774
17.4418 2.10601
17.5861 2.06908
17.4247 2.27535
17.6298 2.08038
17.6418 2.01092
17.7904 1.87854
17.8296 1.85581
17.8332 1.87123
17.8075 1.95274
17.7804 2.00934
17.7583 2.07813
18.0694 1.86206
17.925 1.9942
18.1535 1.74237
18.2314 1.8178
18.144 1.92939
18.1306 1.96331
18.1681 1.98165
18.1716 2.03766
18.3589 1.90931
18.3812 1.96395
18.59 1.74895
18.5674 1.90325
18.7351 1.80198
18.5311 2.02356
18.5508 2.09071
18.3821 2.24969
18.397 2.17266
18.7182 1.86558
18.7583 1.85542
19.076 1.61734
19.1003 1.77926
19.3104 1.56314
19.0781 1.87229
19.0812 1.95087
19.2838 1.71866
19.2154 1.80015
19.1461 1.8327
19.0221 1.8331
19.0268 1.83725
19.1317 1.81662
18.8388 2.07224
18.8838 2.05574
19.0139 1.85665
18.9897 1.85334
19.0032 1.77071
18.9187 1.89595
18.9883 1.91569
18.9372 1.89371
18.926 1.88276
18.9718 1.86317
18.9615 1.84014
19.0041 1.70449
18.922 1.82678
18.9129 1.86634
19.094 1.66085
18.8948 1.81867
18.9171 1.8839
18.9298 1.85368
19.1957 1.72497
19.0171 1.90701
19.095 1.90672
19.1982 1.84949
18.9904 2.08719
18.9573 2.16991
19.0059 2.21081
19.2483 2.02853
19.0194 2.26838
19.0532 2.34432
19.079 2.36461
19.0636 2.4175
19.0222 2.55015
19.0016 2.53176
19.0403 2.40231
19.1987 2.3028
19.182 2.43549
19.1489 2.54058
19.2268 2.4471
19.2582 2.44429
19.2047 2.53163
19.1627 2.51341
19.1344 2.55926
19.2789 2.39444
19.0577 2.58146
19.0591 2.6698
19.1491 2.69695
19.1583 2.61594
19.249 2.43477
19.0177 2.64144
19.0123 2.72667
19.0633 2.75301
19.031 2.78635
19.1342 2.69003
19.2744 2.56655
19.134 2.79792
19.1413 2.88612
19.1511 2.94196
19.1934 3.00732
19.3466 2.97786
19.1681 3.11981
19.0362 3.29621
19.0681 3.36552
18.9872 3.51736
19.0536 3.5327
19.1976 3.46268
19.3753 3.32868
19.265 3.51542
19.2668 3.66159
19.3433 3.76009
19.38 3.90885
19.3641 3.91032
19.3519 3.81065
19.4309 3.70016
19.5831 3.66544
19.4943 3.89419
19.4824 4.02556
19.4907 4.08696
19.6397 4.05196
19.6208 4.1009
19.5687 4.04684
19.5189 4.09831
19.534 4.03596
19.6007 3.94355
19.713 3.92544
19.4795 4.11342
19.5403 4.12627
19.508 4.20955
19.5837 4.25015
19.6497 4.32534
19.6897 4.36451
19.6875 4.44701
19.7011 4.51299
19.736 4.56815
19.7636 4.64368
19.7536 4.59884
19.7451 4.508
19.7763 4.4244
19.809 4.3744
19.7146 4.52512
19.7098 4.56863
19.7224 4.57965
19.7087 4.61098
19.7409 4.70919
19.6946 4.79584
19.7019 4.79219
19.6894 4.8337
19.7172 4.92909
19.6865 4.93179
19.7228 4.99233
19.7149 5.14575
19.7256 5.1404
19.7835 5.21006
19.7638 5.29907
19.7558 5.35345
19.8094 5.43844
19.7671 5.46178
19.7476 5.56143
19.722 5.60808
19.6877 5.61789
19.7118 5.64482
19.6874 5.62196
19.646 5.6767
19.6139 5.73253
19.5922 5.76597
19.5905 5.86394
19.648 5.90849
19.576 5.98387
19.533 6.00668
19.549 6.07305
19.6366 6.13608
19.629 6.17509
19.6136 6.23187
19.5711 6.15876
19.5705 6.18457
19.5588 6.23079
19.6042 6.26018
19.5827 6.31317
19.533 6.29787
19.5999 6.35522
19.5873 6.36421
19.5357 6.38621
19.5279 6.41916
19.5342 6.47174
19.5977 6.61746
19.5311 6.68521
19.5501 6.80458
19.4995 6.85697
19.5541 6.91928
19.594 6.88246
19.6391 6.97271
19.5893 7.07525
19.5861 7.07819
19.4472 7.20423
19.4639 7.25866
19.4573 7.28471
19.5073 7.34881
19.5364 7.40054
19.5664 7.45288
19.6635 7.337
19.6482 7.34097
19.6132 7.45202
19.6115 7.48617
19.6007 7.51806
19.6266 7.59542
19.5766 7.58286
19.5511 7.61586
19.5474 7.67839
19.6271 7.73793
19.6444 7.80388
19.6409 7.80705
19.6666 7.87096
19.6717 7.9059
19.6325 7.90403
19.5878 7.97995
19.5338 8.01595
19.6424 7.91167
19.7149 8.02818
19.7054 8.0913
19.663 8.23448
19.6315 8.20448
19.5855 8.17555
19.6536 8.22798
19.6714 8.36053
19.6901 8.37132
19.7066 8.40045
19.7001 8.37416
19.6841 8.34121
19.5836 8.32557
19.6441 8.41458
19.6792 8.49447
19.6504 8.56589
19.6865 8.53454
19.6922 8.60834
19.7636 8.60855
19.7993 8.64428
19.814 8.66303
19.8561 8.67717
19.7168 8.84469
19.6777 8.88106
19.6478 8.91098
19.66 8.99886
19.6662 9.12872
19.7225 9.16642
19.7769 9.3072
19.7461 9.35413
19.5653 9.3614
19.5964 9.47738
20.0265 9.47075
