0.031117 -0.0493085
0.0894387 -0.098229
0.0628856 -0.185286
0.0865533 -0.215436
0.0829729 -0.244529
0.0424656 -0.260647
0.0166115 -0.305605
0.0566696 -0.349501
0.0604709 -0.383605
0.06265 -0.384737
0.0587399 -0.41964
0.108358 -0.444054
0.0678752 -0.44132
0.048094 -0.456788
0.124825 -0.511589
0.19116 -0.57426
0.161528 -0.609211
0.171002 -0.660132
0.19916 -0.691481
0.18039 -0.706668
0.26148 -0.746381
0.314787 -0.804149
0.328483 -0.828314
0.322811 -0.83725
0.274196 -0.883327
0.252499 -0.904354
0.243252 -0.956769
0.223628 -0.944229
0.27598 -0.984357
0.295457 -1.058
0.275189 -1.08494
0.249034 -1.06751
0.303385 -1.11865
0.319394 -1.13326
0.338281 -1.16663
0.385344 -1.16157
0.357685 -1.18367
0.364375 -1.21666
0.364855 -1.25739
0.39843 -1.27616
0.360132 -1.28382
0.319885 -1.31986
0.316019 -1.40052
0.328855 -1.3636
0.358147 -1.38085
0.367273 -1.41436
0.40023 -1.45238
0.419181 -1.46308
0.455014 -1.45454
0.463879 -1.46186
0.492808 -1.46617
0.461576 -1.50493
0.503829 -1.52157
0.473574 -1.51775
0.43784 -1.54296
0.396324 -1.52465
0.456576 -1.55387
0.368258 -1.54985
0.313878 -1.53428
0.29275 -1.51876
0.347947 -1.46194
0.0675189 -1.71625
-0.0834001 -2.02537
-0.0866425 -2.34942
-0.151954 -2.61701
-0.37391 -2.85734
-0.578076 -3.08192
-0.861622 -3.26981
-1.12347 -3.28557
-1.24757 -3.30654
-1.35285 -3.49189
-1.44912 -3.65297
-1.55115 -3.75533
-1.53561 -3.78038
-1.54914 -3.79954
-1.63909 -3.79038
-1.52318 -3.77265
-1.57921 -3.72121
-1.61293 -3.68931
-1.76988 -3.68161
-1.71567 -3.67557
-1.67173 -3.65088
-1.55749 -3.55328
-1.51662 -3.43913
-1.61238 -3.44757
-1.70378 -3.58229
-1.76761 -3.57994
-1.79014 -3.54785
-1.8147 -3.53751
-1.81309 -3.48358
-1.84537 -3.6095
-1.86831 -3.70979
-1.87231 -3.77254
-1.86961 -3.71466
-1.89084 -3.76865
-1.81092 -3.63752
-1.87181 -3.70188
-2.01604 -3.88135
-2.05926 -3.76078
-2.09211 -3.62036
-2.22977 -3.49155
-2.3112 -3.47752
-2.38666 -3.33085
-2.39285 -3.14596
-2.39199 -3.07983
-2.35264 -3.07076
-2.31585 -3.18056
-2.29561 -3.31825
-2.39615 -3.53476
-2.46585 -3.763
-2.58449 -3.9702
-2.64237 -4.0647
-2.77812 -4.19458
-2.89586 -4.19431
-2.97849 -4.31718
-3.07788 -4.38092
-3.18011 -4.58644
-3.28817 -4.47224
-3.43818 -4.43948
-3.56044 -4.55785
-3.65255 -4.63961
-3.75712 -4.74194
-3.87045 -4.85872
-3.97009 -4.9556
-4.06469 -5.0274
-4.14134 -5.17104
-4.22308 -5.09087
-4.26409 -5.13164
-4.30502 -5.29575
-4.37207 -5.21422
-4.72841 -4.44969
-4.74858 -4.11359
-4.97089 -3.94087
-5.25554 -4.08026
-5.55332 -4.52899
-5.57591 -3.71069
-5.78885 -2.72691
-5.82741 -1.84696
-5.89405 -1.95215
4.80616 -0.370244
4.83576 -0.109951
4.81645 -0.214976
4.73164 0.165607
4.61075 0.307194
4.49659 0.106898
4.39177 -0.0466889
4.27331 -0.351967
4.04803 -0.0408253
3.90351 0.207375
3.74224 0.618436
3.53989 0.937647
3.13639 1.10028
3.04871 1.03554
2.84003 1.01851
2.48226 1.15159
2.17422 1.18378
1.89283 1.27518
1.6983 1.36944
1.49903 1.43105
1.38068 1.48308
1.28465 1.51492
1.29137 1.54639
1.43071 1.64517
1.57255 1.85975
1.83021 2.09873
2.09417 2.33587
2.34355 2.57451
2.7081 2.61119
3.07807 2.6141
3.3072 2.71642
3.8935 2.92878
4.37595 2.74731
4.97391 2.84468
5.48366 2.75669
5.72084 2.9095
7.81031 2.96465
9.95397 2.49067
12.4036 2.83206
13.1201 3.06756
13.5562 2.6183
13.9351 2.3267
14.3566 2.22591
14.8149 2.15692
15.4355 1.97396
16.1443 2.1042
16.7246 2.19253
17.4955 2.30455
18.3304 2.58674
19.1165 2.77001
19.9033 2.88422
20.7885 3.19289
23.2218 4.37073
24.9948 4.70261
26.9668 5.17517
28.9286 5.62501
29.6889 5.87864
30.6472 6.25222
31.5746 6.58356
32.5203 6.85279
33.3035 7.07269
33.6771 7.07932
34.501 7.0124
35.1678 7.08226
35.8347 7.13602
36.5233 7.20904
37.1417 7.48129
37.7642 7.36801
38.4964 7.11401
39.123 7.30282
39.7439 7.37738
40.42 7.47107
41.0202 7.62516
41.576 7.71064
42.0756 7.84412
42.5122 7.8356
42.9361 7.77364
43.3891 7.80113
43.8333 7.97667
44.2068 8.11628
44.753 8.02142
45.2657 7.92636
45.7979 7.75134
46.3745 7.95467
47.0351 8.21161
47.7677 8.57132
48.6302 8.77616
49.2554 8.82362
49.9858 9.19997
50.7752 9.51532
51.4342 9.82212
52.1672 10.177
52.8169 10.8065
53.3568 11.0065
54.0307 11.3883
54.6075 11.4341
55.0854 11.6986
55.5712 11.6883
56.0417 11.6333
56.5714 11.4188
56.9931 11.2731
57.4757 11.1593
58.0442 11.4122
58.5228 11.5537
59.1711 11.5438
59.8601 11.7616
60.5521 11.9926
61.1775 12.1952
61.8351 12.4113
62.4869 12.6921
63.1484 13.0549
63.7382 12.9996
64.4631 13.225
65.1776 13.4016
65.8008 13.4898
66.4817 13.8732
67.1147 14.0352
67.5887 14.4474
67.9542 15.1096
68.243 15.7826
68.6076 16.2529
68.9801 16.9262
69.3479 17.1689
69.7067 17.4732
70.1471 17.809
70.6081 18.1254
70.9938 18.335
71.3126 18.8697
71.58 19.2999
71.7507 19.7713
71.8658 20.2423
71.939 20.7531
72.0352 21.2625
72.1341 21.6015
72.2946 21.9379
72.4154 22.3799
72.5193 22.8131
72.6937 23.253
72.8417 23.657
73.0444 24.1415
73.1049 24.7918
73.173 25.0742
73.1799 25.193
73.1205 25.0329
73.1354 24.9598
73.1162 24.4514
73.1546 23.985
73.1704 23.4814
73.2607 22.9444
73.3551 22.3822
73.4075 21.8428
73.4374 21.2518
73.4573 20.6072
73.4618 20.0008
73.5166 19.4143
73.4543 18.797
73.4617 18.3949
73.422 17.2878
73.2644 16.4505
73.128 15.9678
72.9629 15.0226
72.7383 14.0893
72.6373 13.7691
72.5272 12.9524
72.3319 12.0663
72.0338 11.2135
71.8005 10.6795
71.6662 9.8258
71.476 9.36653
71.348 8.9518
71.1944 8.61675
71.1026 8.31411
70.9008 8.13542
70.6942 8.1439
70.4963 8.13282
70.1492 7.74034
69.7408 7.31832
69.304 7.04147
68.9229 7.05493
68.5701 7.07437
68.2302 7.07437
67.7652 7.07289
67.3771 7.0547
67.0275 7.08409
66.6692 6.9247
66.2248 7.24384
65.7586 7.46616
65.2609 7.55579
64.8194 7.83629
64.3813 8.00746
64.0041 8.19384
63.5724 8.44017
63.1218 8.73274
62.4936 9.2086
61.8476 9.22007
61.1663 9.2053
60.5385 9.25827
59.9189 9.49003
59.3798 9.84002
58.8448 9.76244
58.4112 9.60402
57.8763 9.59963
57.3562 9.68524
56.8465 9.77962
56.3879 9.82474
55.865 9.80256
55.4062 9.9927
54.9415 10.1098
54.5287 10.0448
54.1761 9.92239
53.7699 10.1015
53.2144 10.5478
52.724 10.5665
52.2841 10.403
51.8049 10.4047
51.4073 10.5154
51.0612 10.7956
50.7243 10.6942
50.513 10.3296
50.2758 10.2608
49.9002 10.06
49.535 10.0325
48.9529 9.9884
48.3801 9.86956
48.0781 9.69065
46.7715 8.94262
45.5965 8.84302
44.4464 9.2692
43.346 8.5589
42.3336 8.19146
41.8686 7.93828
41.2359 7.5772
40.5767 7.45922
39.7727 7.49732
39.0815 7.49732
38.4371 7.51677
37.8619 7.5348
37.1946 7.41519
36.6083 7.16001
36.0484 6.98897
35.5102 7.18193
35.0366 7.29462
34.5939 7.4008
34.1382 7.65455
33.7739 7.53384
33.3734 7.41605
32.9245 7.58268
32.591 7.71098
32.1869 7.97247
31.8401 7.90032
31.6109 7.99739
31.3296 8.23456
31.0752 8.45565
30.7659 8.56396
30.4703 8.7198
30.0974 8.63112
29.6898 8.93901
29.3692 9.09379
29.0369 9.2529
28.7532 9.4462
28.4066 9.731
28.0201 10.104
27.6027 10.1994
27.1021 10.1049
26.6493 10.3151
26.3213 10.212
25.8467 10.2504
25.297 9.934
25.0022 9.71435
24.5338 9.48716
24.0964 9.15995
23.6896 9.35853
23.3507 9.23604
23.0932 9.17841
22.7929 9.14708
22.6001 9.18626
22.3846 9.17416
22.2148 9.15542
22.1083 9.11829
21.935 9.03232
21.7636 8.9041
21.0465 8.64537
20.314 8.53596
19.4969 8.57376
19.1373 8.5293
18.8276 8.49325
18.5771 8.57843
18.32 8.59823
18.0535 8.61339
17.791 8.67379
17.531 8.64172
17.2288 8.46974
17.0065 8.39442
16.8126 8.26511
16.7199 8.25089
16.72 8.20365
16.7195 8.02821
16.7155 7.91798
16.6835 7.96124
16.6523 8.09707
16.6079 8.20741
16.5071 8.06567
16.4153 7.9762
16.3821 7.70818
16.3243 7.48205
16.2953 7.2364
16.2243 7.28216
16.0814 7.24263
15.9533 7.15661
15.83 7.12993
15.6863 6.98685
15.6267 6.74931
15.707 6.5433
15.5916 6.38285
15.5606 6.47436
15.4295 6.48535
15.2873 6.61525
15.1099 7.07229
15.0301 7.41134
14.8803 7.93859
14.8426 7.53219
14.7912 7.35725
14.7054 7.07637
14.6145 7.26676
14.4932 7.44243
14.4322 7.69629
14.3875 7.96421
14.399 8.4059
14.3812 8.52841
14.3584 8.42467
14.2874 8.17709
14.2318 7.78474
14.1673 7.82575
14.0712 8.06287
14.043 8.33436
13.9772 8.64813
14.0047 9.06764
13.9984 8.9634
14.0577 8.51445
14.1245 8.45939
14.2539 8.32783
14.3339 8.38659
14.4458 8.62837
14.4768 9.04864
14.494 9.09086
14.5743 8.83683
14.625 8.17096
14.8266 7.85381
15.0468 8.39467
15.1604 9.2432
15.2163 9.41473
15.3661 9.62097
15.5558 9.92333
15.4454 10.0844
15.2493 10.3986
15.1336 10.6673
15.0469 10.5536
15.0049 10.5393
14.9289 10.533
14.8832 10.5423
14.8034 10.636
14.7635 10.7904
14.7463 10.9307
14.7561 10.9547
14.7336 10.9272
14.715 10.8609
14.7152 10.8583
14.7 10.8312
13.6162 2.59914
13.6339 2.63283
13.5922 2.75536
13.5043 2.74119
13.3952 2.80985
13.2819 2.93121
13.2509 2.99971
13.2401 3.00171
13.1972 3.08735
13.1947 3.1813
13.2343 3.31121
13.2255 3.4698
13.231 3.29512
13.2501 3.38559
13.3074 3.50529
13.2971 3.54531
13.2485 3.50814
13.1956 3.4356
27.1327 7.96865
27.2482 7.97971
27.3833 8.04939
27.4434 8.06253
27.6769 7.92583
27.9833 7.79376
27.7209 7.86111
27.815 7.84328
27.7295 8.02868
27.9452 8.01848
27.9578 8.14132
28.0275 8.23217
28.1772 8.20612
28.3642 8.0875
28.5239 8.06687
28.7318 8.03245
11.7775 7.18414
11.9477 7.06819
12.2037 6.94491
12.2599 6.90057
12.2887 6.83977
12.3459 6.81694
12.4402 6.75793
12.495 6.61057
12.4851 6.50573
12.4099 6.43129
12.3206 6.58892
12.338 6.674
12.5003 6.85047
12.5083 6.77347
12.6296 6.7298
12.8145 6.91008
9.55091 8.44999
9.61602 8.38558
9.48968 8.46587
9.56633 8.37337
9.63921 8.35561
9.60225 8.2916
9.56358 8.23996
9.61537 8.26238
9.40849 8.21378
9.45477 8.23911
9.2538 8.06741
9.29764 8.09268
9.32178 8.14137
9.14409 8.0227
9.13027 8.03505
9.12853 8.12077
9.12105 8.13893
9.04415 8.02969
9.01859 8.03286
9.07131 8.03111
9.10364 8.01564
9.04116 7.97434
8.90854 8.00152
8.88974 7.97651
8.74726 8.07957
8.49777 8.12995
8.2808 8.14393
8.06447 8.19033
7.8263 8.32182
7.55741 8.59954
7.25873 8.89932
7.04651 9.21451
6.97902 9.49022
7.05555 9.52909
7.19742 9.25884
7.26093 9.30201
7.2782 8.96995
7.29657 8.81604
7.184 9.11638
7.21602 9.09032
7.23973 8.95955
7.21744 9.00902
7.20106 8.96252
7.25076 8.9703
7.26113 8.78879
7.29263 8.67529
7.26299 8.57576
7.26561 8.53915
7.24417 8.36691
7.23354 8.25449
7.25373 8.14044
7.30772 7.99677
7.33846 7.97141
7.36716 7.87918
7.37271 7.83151
7.41808 7.7607
7.40653 7.67056
7.41654 7.51702
7.36425 7.40631
7.36939 7.19914
7.36603 7.167
7.3391 7.07863
7.32546 6.96631
7.41968 6.9628
7.44335 6.94524
7.44627 6.9483
7.46311 7.02871
7.45536 7.01889
7.41856 6.96763
7.41262 6.9666
7.37273 6.91656
7.38654 6.91891
7.4251 6.90132
7.48332 6.93913
7.5411 6.94147
7.55184 6.93292
7.59142 6.9171
7.52134 6.83627
7.47231 6.77061
7.49244 6.76313
7.46757 6.7312
7.46757 6.71371
7.43005 6.63168
7.47637 6.62631
7.47883 6.69549
7.48205 6.61265
7.50674 6.54006
7.54639 6.52617
7.5493 6.49597
7.5836 6.44424
7.54179 6.41507
7.54398 6.3494
7.53146 6.29975
7.54147 6.25199
7.532 6.16016
7.54379 6.12049
7.56311 6.01647
7.56859 6.04124
7.66473 6.03737
7.69006 6.00835
7.69146 6.02897
7.7149 6.06275
7.69566 6.05773
7.7188 5.97375
7.64228 5.97973
7.65538 6.01357
7.63613 5.96606
7.68784 6.0034
7.68626 5.95964
7.66671 5.90263
7.63689 5.89182
7.67322 5.89554
7.61946 5.82991
7.58201 5.79282
7.62353 5.78129
7.65402 5.78917
7.68321 5.83871
7.65962 5.85546
7.61325 5.83029
7.65169 5.8187
7.68022 5.82368
7.7049 5.81628
7.73304 5.79538
7.75554 5.88219
7.73098 5.83772
7.67824 5.76613
7.64636 5.68351
7.67701 5.67621
7.70873 5.64923
7.6915 5.59508
7.68336 5.57511
7.70434 5.56491
7.70822 5.53448
7.65507 5.4923
7.68816 5.45254
7.72132 5.35031
7.70059 5.32377
7.72055 5.2938
7.7343 5.24828
7.71514 5.18319
7.71602 5.15275
7.77302 5.1237
7.72736 5.10857
7.73393 5.07752
7.73224 4.98669
7.74639 4.96519
7.68639 4.90141
7.64625 4.81827
7.65396 4.78459
7.64224 4.74405
7.65786 4.72454
7.69015 4.69102
7.69908 4.68405
7.68691 4.61807
7.63794 4.56295
7.61796 4.48871
7.59648 4.44501
7.55527 4.37524
7.55933 4.33386
7.57397 4.31452
7.58517 4.28614
7.57391 4.2866
7.62025 4.28125
7.68883 4.28709
7.71579 4.23918
7.71772 4.20641
7.6803 4.16474
7.69883 4.22828
7.70766 4.2262
7.70412 4.20708
7.71288 4.17303
7.77976 4.20492
7.78789 4.1695
7.87671 4.18818
7.89934 4.16098
7.87739 4.14366
7.90512 4.13364
7.80297 4.05489
7.76747 4.00466
7.79997 3.98557
7.83144 4.00161
7.91528 4.01675
7.92074 4.01343
7.9432 4.00072
7.98791 4.00537
8.00101 3.98636
8.02809 3.95552
8.0133 3.91244
7.99118 3.85573
7.9487 3.83876
7.96987 3.77006
7.94039 3.71673
7.88298 3.68862
7.91554 3.68982
7.94334 3.69917
7.9438 3.6681
7.96295 3.70896
7.98402 3.70641
8.0242 3.62201
8.03959 3.61228
8.04638 3.5907
8.03908 3.56499
8.02679 3.54116
7.94968 3.49419
7.98764 3.4651
8.00437 3.45827
7.97963 3.42048
7.98777 3.42173
8.02588 3.38199
7.99678 3.36363
7.96075 3.3509
7.95792 3.32451
7.99555 3.3058
7.95808 3.26431
7.91713 3.33767
7.94045 3.31218
7.93104 3.28583
7.93787 3.24685
7.94561 3.33665
7.93718 3.3668
7.92556 3.33806
7.96794 3.33341
7.9928 3.33765
7.97968 3.30365
8.02562 3.36743
8.0636 3.35891
8.05406 3.33918
8.08022 3.2117
8.0313 3.16038
8.03 3.13486
8.05528 3.11268
8.04325 3.07917
8.08361 3.03523
8.11 2.88047
8.11606 2.86232
8.11644 2.84924
8.11181 2.81104
8.11658 2.79243
8.12105 2.70792
8.16267 2.67073
8.13567 2.6634
8.15347 2.5614
8.17385 2.5648
8.16457 2.53284
8.1739 2.6081
8.16914 2.5978
8.13003 2.52789
8.13245 2.56905
8.14949 2.57929
8.18553 2.58686
8.18722 2.51336
8.13974 2.45603
8.16263 2.4434
8.20828 2.42799
8.22184 2.41221
8.25045 2.46985
8.27723 2.46191
8.30818 2.43837
8.27983 2.41806
