0.00967423 -0.0500095 0.3
-0.0205163 -0.0380166 0.3
-0.0471067 -0.0522592 0.3
-0.0679173 -0.0652056 0.3
-0.0406379 -0.131897 0.3
-0.0444346 -0.149319 0.3
-0.0461707 -0.115638 0.3
-0.0663601 -0.152116 0.3
-0.0882601 -0.171398 0.3
-0.0818851 -0.302565 0.3
-0.115111 -0.298898 0.3
-0.03967 -0.348947 0.3
-0.0302698 -0.355137 0.3
-0.0801789 -0.376819 0.3
-0.0860122 -0.345569 0.3
-0.116581 -0.379102 0.3
-0.163719 -0.291087 0.3
-0.162868 -0.325325 0.3
-0.198088 -0.358714 0.3
-0.197663 -0.369752 0.3
-0.192778 -0.396343 0.3
-0.179577 -0.40719 0.3
-0.206775 -0.541786 0.3
-0.188803 -0.612391 0.3
-0.164565 -0.666608 0.3
-0.162755 -0.703548 0.3
-0.150939 -0.740726 0.3
-0.127791 -0.794626 0.3
-0.133581 -0.915917 0.3
-0.162732 -0.916058 0.3
-0.170405 -0.926489 0.3
-0.172022 -0.949851 0.3
-0.17341 -0.975141 0.3
-0.171349 -1.02381 0.3
-0.172734 -1.06306 0.3
-0.251651 -1.05623 0.3
-0.298629 -1.1276 0.3
-0.26834 -1.16863 0.3
-0.270424 -1.19738 0.3
-0.286633 -1.2336 0.3
-0.29459 -1.2249 0.3
-0.316861 -1.25815 0.3
-0.359106 -1.24696 0.3
-0.408259 -1.19337 0.3
-0.432699 -1.1604 0.3
-0.471743 -1.13449 0.3
-0.464611 -1.11051 0.3
-0.50758 -1.09082 0.3
-0.498588 -1.08822 0.3
-0.480893 -1.10507 0.3
-0.458688 -1.21853 0.3
-0.432735 -1.23415 0.3
-0.421791 -1.21437 0.3
-0.499607 -1.19327 0.3
-0.49158 -1.18444 0.3
-0.450875 -1.20321 0.3
-0.40823 -1.2087 0.3
-0.338037 -1.15279 0.3
-0.37285 -1.14458 0.3
-0.361564 -1.16792 0.3
-0.355812 -1.21933 0.3
-0.322605 -1.25791 0.3
-0.27266 -1.29732 0.3
-0.278897 -1.28896 0.3
-0.277937 -1.33373 0.3
-0.215099 -1.37281 0.3
-0.245531 -1.41306 0.3
-0.229676 -1.51609 0.3
-0.20357 -1.59412 0.3
-0.23615 -1.61406 0.3
-0.270273 -1.65496 0.3
-0.225345 -1.7354 0.3
-0.22125 -1.77154 0.3
-0.24208 -1.78813 0.3
-0.193259 -1.85605 0.3
-0.219842 -1.86296 0.3
-0.203281 -1.89954 0.3
-0.232313 -2.0017 0.3
-0.240729 -2.02519 0.3
-0.24776 -2.03182 0.3
-0.227321 -2.08158 0.3
-0.243447 -2.10712 0.3
-0.250299 -2.14193 0.3
-0.236892 -2.18521 0.3
-0.306548 -2.18775 0.3
-0.331654 -2.2184 0.3
-0.349038 -2.22088 0.3
-0.382915 -2.21187 0.3
-0.40979 -2.2474 0.3
-0.442962 -2.27675 0.3
-0.39175 -2.30339 0.3
-0.366477 -2.3418 0.3
-0.334927 -2.34429 0.3
-0.284984 -2.36147 0.3
-0.272908 -2.39456 0.3
-0.295456 -2.39609 0.3
-0.272281 -2.38575 0.3
-0.318149 -2.34338 0.3
-0.307008 -2.41232 0.3
-0.331876 -2.41148 0.3
-0.343163 -2.41872 0.3
-0.287327 -2.45966 0.3
-0.292199 -2.5019 0.3
-0.318434 -2.51352 0.3
-0.29513 -2.56124 0.3
-0.289654 -2.59407 0.3
-0.313147 -2.62729 0.3
-0.327234 -2.60429 0.3
-0.361957 -2.62842 0.3
-0.37505 -2.60257 0.3
-0.413649 -2.59507 0.3
-0.442356 -2.58127 0.3
-0.4118 -2.63642 0.3
-0.447703 -2.64209 0.3
-0.464238 -2.69383 0.3
-0.45787 -2.71619 0.3
-0.443063 -2.76911 0.3
-0.417929 -2.77977 0.3
-0.323918 -2.84925 0.3
-0.3482 -2.85083 0.3
-0.357939 -2.85512 0.3
-0.425808 -2.84661 0.3
-0.446803 -2.86477 0.3
-0.396236 -2.9002 0.3
-0.433448 -2.92844 0.3
-0.468809 -2.91599 0.3
-0.44992 -2.94099 0.3
-0.397135 -2.95726 0.3
-0.41504 -2.99568 0.3
-0.396455 -3.01647 0.3
-0.426749 -3.03767 0.3
-0.413671 -3.07339 0.3
-0.433768 -3.04662 0.3
-0.479499 -3.08291 0.3
-0.493605 -3.09206 0.3
-0.497833 -3.08834 0.3
-0.470662 -3.16133 0.3
-0.453498 -3.18076 0.3
-0.503026 -3.06047 0.3
-0.509255 -3.07803 0.3
-0.472001 -3.14286 0.3
-0.45432 -3.14393 0.3
-0.461895 -3.15859 0.3
-0.475316 -3.19383 0.3
-0.437125 -3.22177 0.3
-0.432237 -3.26837 0.3
-0.422371 -3.31681 0.3
-0.39005 -3.34367 0.3
-0.38608 -3.35082 0.3
-0.393091 -3.37053 0.3
-0.414802 -3.39143 0.3
-0.451715 -3.40468 0.3
-0.495202 -3.42731 0.3
-0.52085 -3.47686 0.3
-0.537478 -3.49845 0.3
-0.541426 -3.47168 0.3
-0.557532 -3.50504 0.3
-0.566355 -3.5223 0.3
-0.548797 -3.56062 0.3
-0.540427 -3.57061 0.3
-0.596303 -3.70395 0.3
-0.565162 -3.71958 0.3
-0.542662 -3.75046 0.3
-0.525107 -3.76511 0.3
-0.521499 -3.78261 0.3
-0.545257 -3.78273 0.3
-0.50515 -3.82682 0.3
-0.530513 -3.83459 0.3
-0.540382 -3.90138 0.3
-0.496819 -3.92851 0.3
-0.554069 -3.9309 0.3
-0.550453 -3.96407 0.3
-0.5645 -3.9689 0.3
-0.541626 -3.98002 0.3
-0.547053 -4.00314 0.3
-0.590951 -3.91873 0.3
-0.623216 -3.93271 0.3
-0.601847 -3.94397 0.3
-0.606367 -3.92133 0.3
-0.602157 -3.93875 0.3
-0.652498 -3.90483 0.3
-0.651662 -3.95459 0.3
-0.592487 -3.96089 0.3
-0.589214 -3.93938 0.3
-0.611848 -3.95236 0.3
-0.570538 -3.96626 0.3
-0.599642 -4.00953 0.3
-0.626626 -3.96458 0.3
-0.640944 -3.98291 0.3
-0.63709 -3.99082 0.3
-0.676386 -4.05916 0.3
-0.654353 -4.09588 0.3
-0.648353 -4.11422 0.3
-0.678284 -4.13634 0.3
-0.677266 -4.17881 0.3
-0.707748 -4.15497 0.3
-0.688634 -4.20795 0.3
-0.660528 -4.23135 0.3
-0.644462 -4.23902 0.3
-0.635735 -4.24075 0.3
-0.655555 -4.23906 0.3
-0.671212 -4.22974 0.3
-0.659238 -4.36721 0.3
-0.631219 -4.39103 0.3
-0.625746 -4.40793 0.3
-0.636327 -4.44138 0.3
-0.646031 -4.4626 0.3
-0.63242 -4.45648 0.3
-0.62157 -4.50673 0.3
-0.589889 -4.51824 0.3
-0.541322 -4.59303 0.3
-0.581761 -4.57662 0.3
-0.589602 -4.63031 0.3
-0.569888 -4.60881 0.3
-0.545678 -4.66808 0.3
-0.561195 -4.64993 0.3
-0.563408 -4.67894 0.3
-0.54059 -4.69241 0.3
-0.487773 -4.68667 0.3
-0.526436 -4.68211 0.3
-0.472357 -4.83725 0.3
-0.457597 -4.90855 0.3
-0.474984 -4.89368 0.3
-0.462307 -4.90141 0.3
-0.436915 -4.95576 0.3
-0.460813 -4.941 0.3
-0.436215 -4.8443 0.3
-0.448057 -4.85142 0.3
-0.435884 -4.85878 0.3
-0.411123 -4.92497 0.3
-0.489126 -4.99715 0.3
-0.494344 -5.04587 0.3
-0.506536 -4.93287 0.3
-0.528363 -5.02373 0.3
-0.555613 -5.16711 0.3
-0.580987 -5.20036 0.3
-0.574889 -5.10684 0.3
-0.562885 -4.97792 0.3
-0.516037 -4.84302 0.3
-0.518391 -4.8964 0.3
-0.549019 -4.89559 0.3
-0.542592 -4.87396 0.3
-0.502064 -4.8305 0.3
-0.55142 -4.80864 0.3
-0.529559 -4.82203 0.3
-0.47558 -4.82025 0.3
-0.43281 -4.73921 0.3
-0.405118 -4.74125 0.3
-0.443728 -4.74844 0.3
-0.458495 -4.74493 0.3
-0.456776 -4.61154 0.3
-0.47813 -4.69989 0.3
-0.420089 -4.59912 0.3
-0.369668 -4.46866 0.3
-0.435283 -4.52583 0.3
-0.485165 -4.63324 0.3
-0.557843 -4.74708 0.3
-0.431434 -4.58221 0.3
-0.44129 -4.596 0.3
-0.418838 -4.8602 0.3
-0.359339 -4.85055 0.3
-0.339941 -4.7578 0.3
-0.39895 -4.9215 0.3
-0.39886 -4.94684 0.3
-0.419007 -4.89883 0.3
-0.435405 -4.98533 0.3
-0.41515 -4.93901 0.3
-0.410663 -4.99358 0.3
-0.495692 -4.86622 0.3
-0.46556 -5.00225 0.3
-0.448498 -4.93602 0.3
-0.44769 -5.03464 0.3
-0.401199 -5.08961 0.3
-0.439548 -5.14681 0.3
-0.459909 -5.20279 0.3
-0.430779 -5.21506 0.3
-0.475467 -5.25892 0.3
-0.464451 -5.2407 0.3
-0.480444 -5.25792 0.3
-0.470421 -5.28236 0.3
-0.476964 -5.29731 0.3
-0.420379 -5.30144 0.3
-0.432335 -5.31187 0.3
-0.438219 -5.33569 0.3
-0.39073 -5.37652 0.3
-0.427229 -5.39893 0.3
-0.475848 -5.50657 0.3
-0.487442 -5.53378 0.3
-0.531495 -5.61744 0.3
-0.555699 -5.65758 0.3
-0.538297 -5.71507 0.3
-0.598829 -5.72675 0.3
-0.60654 -5.78283 0.3
-0.517821 -5.77178 0.3
-0.469649 -5.8783 0.3
-0.460609 -5.91018 0.3
-0.455931 -5.99283 0.3
-0.438314 -5.94256 0.3
-0.393487 -6.02459 0.3
-0.419746 -5.97175 0.3
-0.463427 -6.10348 0.3
-0.474693 -6.16977 0.3
-0.452315 -6.13295 0.3
-0.48562 -6.28079 0.3
-0.529463 -6.45526 0.3
-0.473251 -6.42901 0.3
-0.472395 -6.50535 0.3
-0.468065 -6.69333 0.3
-0.491404 -6.72421 0.3
-0.585547 -6.8303 0.3
-0.593771 -6.81789 0.3
-0.625136 -6.94774 0.3
-0.594989 -7.01876 0.3
-0.595395 -7.10589 0.3
-0.829202 -7.34483 0.3
-0.839767 -7.27715 0.3
-1.07704 -7.555 0.3
-1.31771 -7.86077 0.3
-1.62953 -8.0978 0.3
-1.96624 -8.30257 0.3
-1.99984 -8.32113 0.3
-2.0246 -8.34558 0.3
-1.98584 -8.32888 0.3
-1.93496 -8.25881 0.3
-1.92403 -8.21932 0.3
-1.98906 -8.24425 0.3
-1.91255 -8.26906 0.3
-1.87498 -8.34114 0.3
-1.89529 -8.32183 0.3
-1.74519 -8.35537 0.3
-1.67101 -8.31146 0.3
-1.54563 -8.34022 0.3
-1.48008 -8.32715 0.3
-1.42088 -8.29392 0.3
-1.31408 -8.29253 0.3
-1.28591 -8.32584 0.3
-1.24558 -8.29878 0.3
-1.15817 -8.19523 0.3
-1.14208 -8.13441 0.3
-1.13037 -8.13592 0.3
-1.10271 -8.18211 0.3
-1.0535 -8.25398 0.3
-1.04867 -8.3789 0.3
-0.989699 -8.49401 0.3
-0.934699 -8.52011 0.3
-0.843544 -8.58652 0.3
-0.739531 -8.62003 0.3
-0.611908 -8.62911 0.3
-0.545492 -8.61559 0.3
-0.411072 -8.5738 0.3
-0.330615 -8.61481 0.341
-0.268383 -8.67093 0.341
-0.238722 -8.6142 0.341
-0.233609 -8.7293 0.341
-0.0146918 -8.65412 0.393
0.0451333 -8.73604 0.393
0.0713712 -8.76958 0.393
0.0910392 -8.69017 0.393
0.102405 -8.65397 0.393
0.118738 -8.58833 0.453
0.269404 -8.73417 0.453
0.366441 -8.77647 0.453
0.534735 -8.94347 0.453
0.694879 -8.86709 0.453
0.889752 -8.68917 0.485
1.15592 -8.644 0.485
1.3947 -8.64404 0.485
1.6892 -8.64634 0.485
1.88373 -8.7599 0.524
2.06472 -8.87282 0.524
2.24076 -9.00119 0.524
2.4094 -9.07157 0.524
2.53653 -9.19949 0.583
2.67264 -9.3208 0.583
2.7378 -9.38076 0.583
2.75745 -9.44509 0.583
2.73821 -9.5232 0.583
2.77849 -9.61624 0.605
2.7727 -9.7915 0.605
2.78503 -9.79788 0.605
2.76891 -9.78958 0.605
2.78206 -9.83042 0.605
2.78488 -9.84092 0.638
2.80156 -9.76613 0.638
2.83864 -9.76167 0.638
2.87726 -9.77276 0.638
2.94882 -9.71382 0.666
3.05525 -9.68423 0.666
3.10173 -9.6442 0.666
3.16316 -9.63088 0.666
3.18366 -9.58246 0.666
3.21031 -9.45579 0.696
3.23585 -9.35941 0.696
3.26443 -9.2536 0.696
3.28389 -9.31146 0.696
3.25285 -9.37618 0.725
3.24553 -9.3961 0.725
3.31354 -9.40308 0.725
3.39614 -9.39602 0.725
3.53613 -9.4088 0.758
3.66154 -9.37054 0.758
3.83536 -9.38584 0.758
4.08347 -9.40489 0.758
4.28203 -9.39065 0.758
-1.58742 -4.01292 0.793
-1.46101 -3.95352 0.793
-1.38542 -3.88918 0.793
-1.39291 -3.84548 0.793
-1.42133 -3.80023 0.827
-1.44881 -3.84439 0.827
-1.5676 -3.93885 0.827
-1.64143 -4.09568 0.864
-1.72595 -4.2398 0.864
-1.85298 -4.44956 0.864
-1.95781 -4.51526 0.864
-1.95802 -4.44701 0.904
-2.09687 -4.44714 0.904
-2.30648 -4.30559 0.904
-2.53985 -4.19728 0.904
-2.88137 -4.05123 0.904
-3.0525 -3.86489 0.904
-3.29712 -3.63363 0.904
-3.56733 -3.31738 0.989
-3.80649 -3.17207 0.989
-3.9762 -3.11964 0.989
-4.11985 -3.07977 0.989
-4.80445 -2.61513 4.226
-5.25545 -2.72101 4.226
-5.76503 -2.61449 4.226
-6.16654 -2.38425 4.226
-6.48125 -1.66174 4.268
-7.01595 -1.37857 4.268
-6.88545 -0.931129 4.268
-6.88209 -0.349121 4.268
-6.58655 0.145587 4.268
-6.13762 0.729741 1.104
-6.34401 1.03539 1.104
-6.38478 1.35312 1.104
-6.56472 1.81768 1.104
-6.71275 2.12181 1.104
-6.90195 2.19629 1.145
-6.96663 2.38703 1.145
-7.05482 2.83305 1.145
-7.34336 3.04989 1.145
-7.45735 3.11019 1.186
-7.66179 3.30246 1.186
-7.79077 3.39907 1.186
-7.92994 3.63688 1.186
-7.92765 3.73438 1.186
-8.042 3.75076 1.228
-8.07754 3.86477 1.228
-8.17007 3.96483 1.228
-8.21333 4.09013 1.228
-8.28491 4.19212 1.266
-8.33211 4.27893 1.266
-8.34204 4.31205 1.266
-8.28438 4.32681 1.266
-8.36495 4.43689 1.266
-8.39103 4.54495 1.308
-8.4469 4.62853 1.308
-8.49813 4.73758 1.308
-8.59014 4.69784 1.308
-8.67127 4.82753 1.308
-8.78832 4.74319 1.335
-8.86638 4.93385 1.335
-8.8146 4.90477 1.335
-8.80456 5.01644 1.335
-8.65657 5.0142 1.335
-8.90133 5.13282 1.335
-9.10094 5.28339 1.335
-9.49171 5.39654 1.335
-9.57823 5.63005 1.335
-8.95927 5.88986 4.119
-8.82474 6.36331 4.119
-8.74414 6.36837 4.119
-9.23229 6.81432 4.119
-9.83623 7.01281 4.119
-9.56527 7.23541 1.396
-9.38644 7.67962 1.396
-9.41016 7.87755 1.396
-9.36751 8.02759 1.396
-9.36919 8.15626 1.385
-9.26612 8.13822 1.385
-9.28042 8.00202 1.385
-9.2505 7.8476 1.385
-9.10173 7.98037 1.385
-8.84857 7.98982 1.384
-8.58811 8.07613 1.384
-8.4778 8.14687 1.384
-8.44553 8.14063 1.384
-8.31539 8.20515 1.384
-8.13183 8.30187 1.375
-7.97582 8.38237 1.375
-7.8767 8.33596 1.375
-7.9299 8.43326 1.375
-7.9001 8.48321 1.375
-7.98147 8.49395 1.375
-7.96561 8.55473 1.375
-7.87067 8.50226 1.375
-7.79856 8.47166 1.375
-7.88605 8.36127 4.177
-8.03469 8.10218 4.177
-7.46504 7.97631 4.177
-6.94477 7.89089 4.177
-6.8291 7.94825 4.177
-7.47524 8.09664 4.18
-7.55333 8.35126 4.18
-7.6096 8.26371 4.18
-7.17229 8.47607 4.18
-7.33438 8.37072 4.18
-7.14412 8.4642 1.37
-7.11028 8.3968 1.37
-6.9596 8.43752 1.37
-7.17096 8.3831 1.37
-6.79373 8.29712 1.37
-6.90529 8.21528 1.371
-6.62751 8.13361 1.371
-6.48515 8.04103 1.371
-6.09059 8.14419 1.371
-5.78573 8.19835 1.373
-5.45566 8.18609 1.373
-5.26179 8.20345 1.373
-4.99662 8.22358 1.373
-4.61757 8.22417 1.373
-4.27722 8.18003 1.38
-4.02602 8.24684 1.38
-3.76142 8.20401 1.38
-3.59456 8.22696 1.38
-3.39311 8.34787 1.38
-3.19773 8.38872 1.388
-2.94484 8.49601 1.388
-2.81535 8.55388 1.388
-2.67196 8.56567 1.388
-2.51049 8.55857 1.388
-2.55083 8.61788 4.341
-1.60842 8.65536 4.341
-1.26324 8.8772 4.341
-0.67078 9.31743 4.341
0.0404403 9.58685 4.32
0.738464 9.82572 4.32
1.40715 9.91052 4.32
1.76561 10.0099 4.32
2.44641 10.2364 4.32
2.87855 10.4587 1.413
3.34036 10.5824 1.413
3.7486 10.5467 1.413
4.02185 10.5211 1.413
4.85646 10.5327 4.451
5.22207 10.5961 4.451
5.62678 10.1621 4.451
6.20957 10.3978 4.451
6.4378 10.4964 1.443
6.66067 10.5334 1.443
6.97511 10.7587 1.443
7.24108 10.8657 1.443
7.4806 11.0817 1.442
7.79564 11.2479 1.442
8.13636 11.3411 1.442
8.52607 11.5039 1.442
8.71371 11.5829 1.442
8.96342 11.5892 1.452
9.07651 11.6549 1.452
9.28123 11.4841 1.452
9.48631 11.4274 1.452
9.92386 11.5556 4.501
10.1606 12.2873 4.501
10.2651 11.6907 4.501
10.2321 11.7125 4.501
10.0759 11.2728 4.501
10.0651 11.3224 1.475
10.1138 11.4053 1.475
10.2049 11.3943 1.475
10.1502 11.617 1.475
10.0353 11.6035 1.479
10.0134 11.5239 1.479
9.97033 11.7087 1.479
10.0037 11.742 1.479
10.2182 12.2662 1.487
10.1689 12.7645 1.487
10.1043 13.0002 1.487
10.0862 13.2376 1.487
10.069 13.3805 1.487
10.0696 13.4356 1.495
10.0528 13.3238 1.495
10.0202 13.6376 1.495
9.99253 13.8067 1.495
10.0203 14.2758 1.505
9.99779 14.4103 1.505
10.1184 14.4804 1.505
10.2047 14.5939 1.505
10.2304 14.7598 1.495
10.2227 15.0131 1.495
10.2406 15.1663 1.495
10.2688 15.1716 1.495
10.2577 15.3179 1.495
10.1637 15.7151 1.499
10.1055 15.8998 1.499
10.1424 16.0778 1.499
10.1354 16.2578 1.499
10.1156 16.3254 1.482
10.1669 16.4374 1.482
10.154 16.6058 1.482
10.1049 16.7901 1.482
10.134 17.0935 1.482
10.3268 18.23 4.268
10.5127 19.1761 4.268
10.2972 19.8149 4.268
9.76272 20.3554 4.268
9.64866 20.6656 1.426
9.67359 21.2523 1.426
9.70776 21.5979 1.426
9.62566 22.056 1.426
9.68635 22.6728 1.391
9.79547 23.0767 1.391
9.75898 23.1127 1.391
9.87648 23.552 1.391
9.81022 23.8071 1.359
9.61801 24.0901 1.359
9.46627 24.2685 1.359
9.34383 24.5453 1.359
9.42752 24.7874 1.359
9.51217 24.9855 1.332
9.58169 25.1465 1.332
9.46843 25.3704 1.332
9.44713 25.478 1.332
9.47434 25.3149 1.309
9.42087 25.2719 1.309
9.442 25.3625 1.309
9.47469 25.2858 1.309
9.40098 25.1487 1.293
9.43695 25.093 1.293
9.49108 25.0105 1.293
9.33689 24.8187 1.293
9.17392 24.5743 1.293
9.19887 24.3438 1.293
9.08662 24.2145 1.293
9.02625 24.0754 1.293
8.96103 24.0093 1.27
8.96877 23.9029 1.27
9.02948 23.6245 1.27
9.02184 23.3142 1.27
9.07541 23.0126 1.27
9.02769 22.8915 1.268
8.89222 22.5065 1.268
8.80739 22.3928 1.268
8.77547 22.2269 1.268
8.59091 22.1684 1.275
8.49134 22.1993 1.275
8.36154 22.1109 1.275
8.20872 22.0331 1.275
8.13417 22.0962 1.275
7.94212 22.1598 1.277
7.86649 22.197 1.277
7.70754 22.1095 1.277
7.62171 22.1999 1.277
7.56844 22.1787 1.29
7.45338 22.1483 1.29
7.39672 22.1377 1.29
7.34906 22.0924 1.29
7.24482 22.0519 1.29
7.1558 21.9763 1.3
7.14759 21.9073 1.3
7.15051 21.8905 1.3
7.10052 21.943 1.3
7.04184 21.9808 1.317
6.90223 22.0598 1.317
6.77551 22.1835 1.317
6.76892 21.9087 1.334
6.8978 22.0983 1.334
6.81989 22.1359 1.334
7.01327 22.132 1.334
7.15286 22.0683 1.334
7.2079 21.8542 1.334
7.35609 22.008 1.334
7.37712 21.9501 1.334
7.22063 22.0414 1.38
7.07999 22.0574 1.38
6.89407 22.1335 1.38
6.62104 22.2647 1.38
6.33557 22.5696 1.38
6.24871 22.2025 1.415
5.98815 22.2193 1.415
5.74136 21.802 1.415
5.59602 21.8589 1.439
5.45116 21.8668 1.439
5.28787 21.7748 1.439
5.2365 21.5062 1.439
4.78319 21.5334 1.439
4.67063 21.6915 1.477
4.52371 21.7595 1.477
4.3691 21.7441 1.477
4.16901 21.7276 1.477
3.99596 21.8756 1.504
3.8791 22.0257 1.504
3.74878 22.1628 1.504
3.7066 21.9331 1.504
3.67756 21.9351 1.504
3.66517 22.1157 1.504
3.80402 22.0279 1.504
3.84693 21.8634 1.504
3.86569 21.8568 1.553
3.7767 21.8271 1.553
3.63173 21.9357 1.553
3.44346 22.0619 1.553
3.37244 22.0996 1.579
3.11729 22.0663 1.579
3.05305 21.9851 1.579
2.96264 22.0233 1.579
2.99964 22.2738 1.579
3.23814 22.4067 1.579
3.31604 22.5854 1.579
3.31023 22.8397 1.579
3.52497 22.7436 1.579
3.64378 22.5271 1.579
3.77025 22.427 1.579
4.05621 22.4417 1.579
4.03595 22.6084 1.579
4.35761 22.9226 1.579
4.14358 22.9537 1.579
4.51994 23.0639 1.579
4.70032 23.2003 1.579
4.69946 23.3361 1.579
4.82282 23.4781 1.579
4.89108 23.4987 1.579
5.30084 23.9063 1.579
5.81596 24.0426 1.579
6.23532 24.1743 1.565
6.2633 24.6429 1.565
6.50005 24.9623 1.565
6.63955 25.1491 1.565
6.68845 25.1772 1.565
6.83442 25.23 1.539
6.85923 25.2433 1.539
6.89695 25.5595 1.539
6.94566 25.8647 1.539
7.02918 25.9108 1.508
7.18023 26.1004 1.508
7.36725 26.625 1.508
7.54567 27.1187 1.508
7.63793 27.6319 1.508
7.8081 27.976 1.483
7.94324 28.2477 1.483
8.0426 28.4641 1.483
8.06359 28.6598 1.483
8.21686 28.7038 1.448
8.37206 28.7929 1.448
8.43412 29.0294 1.448
8.65135 29.0363 1.448
8.98723 28.9781 1.448
9.22825 28.9052 1.419
9.4236 29.0146 1.419
9.54484 29.0256 1.419
9.6883 29.0349 1.419
9.86322 29.0598 1.39
10.0425 28.8474 1.39
10.2682 28.6328 1.39
10.5702 28.4626 1.39
11.4162 27.7091 4.553
12.2193 27.3187 4.553
13.2082 27.398 4.553
14.3461 26.994 4.553
15.4417 26.8115 4.553
16.1764 26.8618 4.553
16.7898 26.6488 4.553
17.3724 27.1451 4.553
18.1244 27.0753 4.553
18.6689 27.0903 4.177
19.0758 27.2584 4.177
19.8547 27.5277 4.177
20.8501 27.7872 4.177
21.9266 27.9284 4.177
22.3074 27.9466 1.268
22.8147 27.9634 1.268
23.3255 28.2161 1.268
23.7231 28.4694 1.268
24.3629 28.8948 1.268
24.9177 29.1261 1.268
25.3027 29.3739 1.268
25.7401 29.6998 1.268
26.1484 29.7262 1.268
26.4555 29.7817 1.221
26.6504 29.8594 1.221
26.862 30.0825 1.221
27.1216 30.4421 1.221
27.308 30.6291 1.195
27.4734 30.8537 1.195
27.6832 31.1334 1.195
27.8298 31.2055 1.195
28.0043 31.4138 1.195
28.08 31.3611 1.166
28.0977 31.3465 1.166
28.1185 31.3115 1.166
28.1333 31.2741 1.166
28.1319 31.293 1.143
28.1452 31.3531 1.143
28.1656 31.3864 1.143
28.1718 31.3157 1.143
28.1635 31.1956 1.116
28.2108 31.1194 1.116
28.2322 31.1048 1.116
28.1987 31.1848 1.116
28.1903 31.2006 1.089
28.2706 30.8054 1.089
28.381 30.4912 1.089
28.3948 30.1686 1.089
28.3771 29.8906 1.061
28.4209 29.6028 1.061
28.4938 29.3402 1.061
28.4308 29.0792 1.061
28.4249 28.9026 1.031
28.4151 28.6762 1.031
28.4819 28.5418 1.031
28.5438 28.2434 1.031
28.5163 28.0565 1.003
28.5473 27.8453 1.003
28.4592 27.6843 1.003
28.3905 27.5255 1.003
28.3712 27.3151 0.971
28.3087 27.1549 0.971
28.2534 26.9602 0.971
28.1817 26.8303 0.971
28.1388 26.6693 0.931
28.0932 26.5073 0.931
28.079 26.3725 0.931
28.0399 26.1169 0.931
27.9801 25.9324 0.914
27.9737 25.75 0.914
27.8635 25.6645 0.914
27.7235 25.4949 0.883
27.4469 25.3283 0.883
27.1882 25.2048 0.883
26.9623 25.078 0.883
26.6483 24.9208 0.883
26.2867 25.0156 0.865
25.9209 24.9298 0.865
25.6229 24.8098 0.865
25.3148 24.7036 0.865
25.0462 24.5579 0.838
24.8645 24.3745 0.838
24.6319 24.0551 0.838
24.4015 24.1088 0.838
24.1752 24.1304 0.846
23.9746 23.9032 0.846
23.8129 23.6583 0.846
23.5373 23.3121 0.846
23.3145 23.1264 0.846
23.0984 23.0456 0.849
22.9181 22.927 0.849
22.6597 22.8702 0.849
22.475 22.734 0.849
22.3732 22.5319 0.852
22.2151 22.347 0.852
22.0999 22.2774 0.852
22.006 22.2929 0.852
21.9027 22.229 0.855
21.8159 22.1935 0.855
21.765 22.1599 0.855
21.7193 22.1058 0.869
21.5876 22.3527 0.869
21.578 22.5406 0.869
21.5462 22.6702 0.878
21.4461 22.7897 0.878
21.4861 22.7348 0.878
21.4551 22.6618 0.878
21.4268 22.5703 0.894
21.3523 22.5185 0.894
21.3865 22.556 0.894
21.3312 22.613 0.894
21.4203 22.7881 0.91
21.4475 22.9824 0.91
21.4472 23.026 0.91
21.4922 22.9603 0.91
21.6146 22.988 0.934
21.6899 22.8805 0.934
21.7225 22.8089 0.934
21.7143 22.5964 0.934
21.6532 22.3603 0.934
-1.96872 22.2584 0.957
-1.99373 22.1506 0.957
-2.00305 22.1569 0.957
-2.06892 21.8989 0.957
-2.07818 21.744 0.985
-2.01647 21.5201 0.985
-1.99855 21.3168 0.985
-1.99365 21.2042 0.985
-1.84928 21.0506 1.009
-1.66115 20.8321 1.009
-1.5209 20.5553 1.009
-1.46922 20.5915 1.009
-1.46645 20.5253 1.009
-1.38243 20.5358 1.04
-1.35541 20.562 1.04
-1.38518 20.6056 1.04
-1.3772 20.6672 1.04
-1.44488 20.5673 1.066
-1.39413 20.4593 1.066
2.68128 17.1736 1.066
2.61045 17.0715 1.066
2.51859 16.918 1.066
2.43972 16.7691 1.092
2.31846 16.6165 1.092
2.34734 16.5129 1.092
2.35394 16.4401 1.092
2.29796 16.3732 1.117
2.26715 16.4137 1.117
2.3371 16.4451 1.117
2.38725 16.5381 1.143
2.36137 16.5392 1.143
2.41799 16.5815 1.143
2.49822 16.6426 1.143
2.54552 16.7225 1.143
2.57258 16.705 1.158
2.49266 16.7387 1.158
2.569 16.8378 1.158
2.59617 16.8332 1.158
2.54948 16.7919 1.176
2.54159 16.7186 1.176
2.60404 16.6796 1.176
2.68825 16.9316 1.176
2.78308 16.9991 1.176
2.86402 17.1004 1.19
2.9605 17.3582 1.19
3.04896 17.6502 1.19
3.065 18.0033 1.19
3.1223 18.3628 1.204
3.20041 18.2823 1.204
3.25498 18.4254 1.204
3.30121 18.57 1.204
3.36064 18.8132 1.204
3.53455 19.1102 1.204
3.94389 19.2794 1.204
4.21641 19.4293 1.204
4.3655 19.5164 1.204
4.78144 19.6086 1.227
5.10763 19.7389 1.227
5.33338 19.9142 1.227
5.38942 20.2666 1.227
5.24136 20.7268 4.368
5.32351 20.6477 4.368
5.38339 21.4971 4.368
4.69208 21.4919 4.368
4.6212 21.2936 4.368
4.17809 20.9788 4.368
3.68405 20.5322 4.368
3.47168 19.8817 4.368
3.01502 19.6595 4.368
2.73385 19.7521 1.262
2.53157 19.7728 1.262
2.48533 19.8304 1.262
2.42565 19.7003 1.262
2.28453 19.6713 1.281
2.08939 19.6197 1.281
2.02005 19.59 1.281
1.91004 19.5471 1.281
1.81917 19.4974 1.281
1.76126 19.4279 1.3
1.74533 19.3194 1.3
1.74404 19.1897 1.3
1.72129 19.5431 1.3
1.70785 19.6695 3.844
1.57153 20.144 3.844
1.36505 19.7597 3.844
1.29091 19.723 3.844
1.29888 19.893 3.844
1.31747 19.8789 1.318
1.18636 19.9176 1.318
1.12733 19.9095 1.318
1.11245 19.8685 4.356
1.16098 19.4949 4.356
1.17046 20.0287 4.356
1.06281 19.681 4.356
0.830543 20.1817 4.356
1.16674 20.5433 4.167
1.3352 20.711 4.167
1.68408 21.0185 4.167
2.1545 22.1365 4.167
2.38474 22.6334 1.346
2.64529 23.0226 1.346
2.70557 23.5704 1.346
2.90078 24.0027 1.346
3.05385 24.5109 1.345
3.2031 24.7954 1.345
3.28511 25.096 1.345
3.39002 25.4919 1.345
3.53892 25.9113 1.345
3.57979 26.1472 1.352
3.67726 26.4179 1.352
3.77003 26.4876 1.352
3.86405 26.7438 1.352
3.87624 27.1111 1.352
3.90749 27.4621 1.352
3.91956 27.8487 1.352
3.99218 27.9787 1.352
4.0576 28.1226 1.352
4.08297 28.1546 1.347
4.10645 28.1371 1.347
4.12605 28.1385 1.347
4.17405 28.1468 1.347
4.70905 27.9693 3.858
5.07299 28.0437 3.858
5.3406 28.175 3.858
5.84974 28.5152 3.858
5.96117 28.5679 3.858
6.18866 28.6864 3.858
6.38153 28.4431 3.858
6.74793 28.1555 1.317
7.05309 27.9584 1.317
7.48097 27.6448 1.317
7.74559 27.3203 1.317
7.9228 27.0511 1.317
8.32139 26.7765 1.309
8.71216 26.667 1.309
8.83831 26.5247 1.309
9.09256 26.7652 1.309
9.28132 26.8104 1.285
9.54173 26.7765 1.285
9.84931 26.7821 1.285
10.0873 26.7761 1.285
10.2838 26.8153 1.269
10.4564 26.8684 1.269
10.6385 26.921 1.269
10.7578 27.0764 1.269
10.9032 27.1592 1.269
11.0368 27.2247 1.244
11.1741 27.2613 1.244
11.3209 27.3494 1.244
11.4522 27.3226 1.244
11.5624 27.3866 1.222
11.6675 27.4734 1.222
11.7061 27.5094 1.222
11.8557 27.5177 1.222
11.9309 27.6153 1.222
12.0956 27.6871 1.195
12.2768 27.7978 1.195
12.3716 27.829 1.195
12.5374 28.1001 1.195
13.2609 28.155 3.68
13.4418 28.509 3.68
14.1514 28.5856 3.68
14.9958 28.5722 3.68
15.8267 29.0229 3.68
16.1979 29.3045 1.139
16.5819 29.4015 1.139
16.97 29.8443 1.139
17.3792 30.0392 1.139
17.6927 30.1383 1.115
17.912 30.4377 1.115
18.1309 30.604 1.115
18.4514 31.0256 1.115
18.7314 31.4176 1.115
18.9975 31.5925 1.08
19.2411 31.7912 1.08
19.3939 31.9443 1.08
19.5825 32.0967 1.08
19.7315 32.2147 1.047
19.8873 32.2904 1.047
19.9127 32.36 1.047
19.9286 32.4927 1.047
19.9949 32.6241 1.01
20.0636 32.7318 1.01
20.1156 32.8451 1.01
20.1565 32.9305 1.01
20.2004 33.0166 1.01
20.3212 33.1329 0.98
20.4135 33.2626 0.98
20.4616 33.328 0.98
20.5597 33.531 0.98
20.645 33.722 0.942
20.7285 33.8042 0.942
20.702 33.9435 0.942
20.7211 34.1644 0.942
20.7976 34.2223 0.942
20.8997 34.3328 0.906
21.0411 34.2112 0.906
21.1382 34.0703 0.906
21.1537 34.0111 0.906
21.1353 33.9192 0.866
21.1027 33.9008 0.866
20.9719 33.4801 0.866
20.9181 33.0319 0.866
20.9568 32.7759 0.826
21.0205 32.4771 0.826
21.0072 32.0053 0.826
20.9269 31.7566 0.826
20.902 31.2355 0.826
20.8661 30.8844 0.788
20.8311 30.3574 0.788
20.8488 30.0947 0.788
20.7933 29.7235 0.788
20.6962 29.5054 0.761
20.6917 29.284 0.761
20.6655 29.0329 0.761
20.597 28.7696 0.761
20.5648 28.5148 0.761
20.5821 28.3043 0.733
20.6309 27.9444 0.733
20.5829 27.6526 0.733
20.5996 27.462 0.733
20.6247 27.1938 0.718
20.5915 26.9366 0.718
20.5703 26.6127 0.718
20.5523 26.299 0.718
20.49 25.9255 0.71
20.5041 25.713 0.71
20.5097 25.5002 0.71
20.5269 25.2175 0.71
20.5264 24.9136 0.71
20.5491 24.5637 0.718
20.5856 24.2472 0.718
20.6296 23.9688 0.718
20.654 23.7079 0.718
20.6783 23.493 0.73
20.7369 23.3236 0.73
20.7947 23.0835 0.73
20.8957 22.8977 0.73
20.999 22.7004 0.73
21.074 22.51 0.749
21.1418 22.2818 0.749
21.184 22.0496 0.749
21.2279 21.8004 0.749
21.2294 21.5854 0.775
21.1684 21.4096 0.775
21.1637 21.2086 0.775
21.1537 21.0376 0.775
21.1338 20.8849 0.775
21.0983 20.6842 0.775
21.1479 20.5104 0.775
21.1858 20.4075 0.775
21.3088 20.298 0.775
21.3457 20.0585 0.846
21.4496 19.8022 0.846
21.5487 19.6795 0.846
21.6042 19.511 0.846
21.6417 19.3794 0.889
21.6967 19.1908 0.889
21.6645 18.8848 0.889
21.6596 18.5996 0.889
21.5627 18.3452 0.889
21.3722 18.0145 0.937
21.2135 17.7355 0.937
20.9295 17.4608 0.937
20.7033 17.1765 0.937
20.5314 16.9346 0.991
20.3531 16.6495 0.991
20.2927 16.3403 0.991
20.2166 16.0473 0.991
20.1107 15.7218 0.991
20.088 15.3957 1.049
20.0551 15.102 1.049
19.9242 14.8757 1.049
19.8561 14.6047 1.049
19.8407 14.5108 1.107
19.8574 14.4033 1.107
19.7581 14.0645 1.154
19.7317 13.7735 1.154
19.6674 13.4905 1.154
19.5765 13.0938 1.154
19.4707 12.784 1.154
19.4153 12.5637 1.154
19.3994 12.2399 1.154
19.3151 12.1394 1.154
19.2584 11.8728 1.154
19.1135 11.7185 1.244
18.979 11.6788 1.244
18.9286 11.5446 1.244
18.838 11.732 1.244
19.0147 11.8173 1.279
18.9227 12.0901 1.279
18.8268 11.9743 1.279
18.847 12.0192 1.279
18.9611 12.1063 1.279
19.1594 12.1186 1.308
19.2478 12.2592 1.308
19.2554 12.4735 1.308
19.3131 12.541 1.308
19.6256 13.1131 4.306
19.8656 13.8828 4.306
20.0752 14.4624 4.306
20.0258 15.0196 4.306
20.2774 15.5331 4.306
20.1935 15.6948 1.353
20.227 15.768 1.353
20.4047 15.9045 1.353
20.5475 16.0352 1.353
20.5688 16.0209 1.376
20.7323 16.0421 1.376
20.8002 16.2887 1.376
20.8539 16.4663 1.376
20.9673 17.0544 1.376
21.0348 17.399 1.391
21.2643 17.6013 1.391
21.5908 17.759 1.391
21.7344 17.7504 1.391
21.9699 17.8823 1.398
22.2685 18.3263 1.398
22.4698 18.6959 1.398
22.7249 19.1879 1.398
22.8074 19.498 1.407
22.8601 20.0669 1.407
22.8576 20.5103 1.407
22.8926 20.5517 1.407
22.832 20.746 1.414
22.7864 20.8571 1.414
22.7769 21.2066 1.414
22.6953 21.5313 1.414
22.4977 21.991 1.414
22.2931 22.0291 1.418
22.1155 22.2398 1.418
21.9549 22.4433 1.418
21.6741 22.2763 1.418
21.4186 22.0646 1.418
21.3477 21.9998 1.418
21.1391 21.8267 1.418
20.8172 21.9771 1.418
20.6 22.1101 1.42
20.3466 22.5127 1.42
20.1617 22.8589 1.42
19.7918 22.9766 1.42
19.4473 23.2764 1.413
18.9911 23.4359 1.413
18.7262 23.4526 1.413
18.4749 23.4526 1.413
18.3991 23.5075 1.407
18.3248 23.7009 1.407
18.2719 23.7476 1.407
18.1196 23.9199 1.407
17.9898 24.1147 1.4
17.8786 24.3883 1.4
17.6998 24.6955 1.4
17.4868 24.8403 1.4
16.7851 24.9913 4.442
16.8395 27.0401 4.442
16.478 29.113 4.442
15.6299 30.3136 4.442
15.096 31.8266 4.442
14.6865 33.2733 4.442
13.8896 34.6297 4.442
13.6906 36.5887 4.442
12.8953 37.2613 4.442
12.6412 37.6164 1.353
12.4223 37.6266 1.353
12.0418 37.7818 1.353
11.8163 37.8862 1.353
10.8332 37.6508 1.353
10.2074 37.681 1.353
9.63463 37.3633 1.353
9.17039 37.5115 1.353
8.72301 37.3267 1.353
7.72687 37.3515 3.837
6.5476 37.4829 3.837
5.25503 37.4839 3.837
3.90636 36.9807 3.837
3.03239 36.5507 3.837
2.6916 36.1764 1.295
2.32011 36.1683 1.295
1.86559 36.4771 1.295
1.37162 36.7117 1.295
1.14099 36.6345 1.271
0.886755 36.8281 1.271
0.672854 36.8621 1.271
0.500566 36.88 1.249
0.3858 36.8761 1.249
0.316139 36.8705 1.249
0.309123 36.857 1.249
0.181895 36.8711 1.249
0.0770811 36.8613 1.249
-0.0756145 36.826 1.249
-0.262821 36.8431 1.249
-0.326523 36.8332 1.249
-0.365579 36.8534 1.203
-0.41017 36.8902 1.203
-0.441105 36.936 1.203
-0.471449 36.9765 1.203
-0.568118 37.0585 1.188
-0.683528 37.1294 1.188
-0.754903 37.1665 1.188
-0.876145 37.1927 1.188
-0.924492 37.2532 1.188
-1.02324 37.3153 1.188
-1.09587 37.345 1.188
-1.12398 37.4203 1.188
-1.25957 37.5632 1.184
-1.4537 37.55 1.184
-1.44266 37.5377 1.184
-1.71038 37.6191 1.184
-1.87881 37.9314 1.184
-2.11503 38.324 1.185
-2.06821 38.5968 1.185
-2.22105 38.7868 1.185
-2.21842 38.5157 1.185
-2.30241 38.4275 1.185
-2.14574 38.5475 1.185
-2.00234 38.7585 1.185
-2.10892 37.9043 1.185
-2.23361 37.6158 1.185
-2.38963 37.5288 1.225
-2.54339 37.3996 1.225
-2.57619 37.1374 1.225
-2.71037 36.7074 1.225
-2.78285 36.4758 1.253
-2.78474 36.4678 1.253
-2.79136 36.2768 1.253
-2.7806 36.3096 1.253
-2.76146 36.3093 1.275
-2.75398 36.2074 1.275
-2.77266 36.1219 1.275
-2.74484 36.1413 1.275
-2.7036 36.1261 1.275
-2.6206 36.0608 1.294
-2.60066 35.9655 1.294
-2.58697 35.7772 1.294
-2.4867 35.75 1.294
-2.44136 35.7715 1.311
-2.41939 35.7421 1.311
-2.29845 35.7019 1.311
-2.1569 35.5844 1.311
-1.98338 35.6883 1.325
-1.70708 35.6706 1.325
-1.34808 35.497 1.325
-1.18463 35.2454 1.325
-1.00062 35.4647 1.351
-0.70537 35.7979 1.351
-0.569343 36.0624 1.351
-0.385863 36.4552 1.351
-0.0495023 36.7725 1.356
0.32055 37.2103 1.356
0.710644 37.5473 1.356
0.854152 37.8902 1.356
1.30819 38.1582 1.36
1.52561 38.0232 1.36
1.75701 38.0229 1.36
1.88691 38.3258 1.36
1.98319 38.6569 1.36
2.08761 39.0112 1.36
2.20105 39.1918 1.36
2.42723 39.1929 1.36
2.47466 39.2417 1.36
2.48746 39.1721 1.374
2.5741 39.1424 1.374
2.63624 39.1527 1.374
2.71065 39.1793 1.374
2.85147 39.1702 1.371
2.89208 39.1977 1.371
2.95219 39.2091 1.371
2.97721 39.1975 1.371
3.01269 39.2154 1.371
2.97128 39.2091 1.371
2.90867 39.2301 1.371
2.96201 39.3084 1.371
2.99946 39.3319 1.371
2.99853 39.4307 1.359
3.00341 39.5082 1.359
2.90541 39.4024 1.359
2.68649 39.2122 1.359
2.57315 38.9183 1.359
2.32974 38.7654 1.359
2.13901 38.5738 1.359
1.9024 38.4026 1.359
1.67044 38.2571 1.359
1.44643 38.2198 1.313
1.37586 38.2051 1.313
1.10652 38.115 1.313
0.932762 37.8222 1.294
0.739077 37.5062 1.294
0.539982 37.5515 1.294
0.197735 37.5309 1.276
-0.079429 37.4433 1.276
-0.518926 37.4295 1.276
-0.698534 37.2613 1.276
-0.870426 37.1849 1.276
-1.01094 37.1652 1.249
-1.19175 37.3058 1.249
-1.32094 37.3651 1.249
-1.48367 37.5688 1.249
-1.68286 37.797 1.232
-1.88065 37.9708 1.232
-1.97836 38.0717 1.232
-2.16314 38.1355 1.232
-2.41652 38.1446 1.207
-2.53183 38.1913 1.207
-2.64401 38.2332 1.207
-2.82226 38.2815 1.207
-2.92165 38.3603 1.207
-3.02553 38.5709 1.182
-3.08363 38.6031 1.182
-3.12961 38.5803 1.182
-3.1136 38.6277 1.182
-3.2342 38.709 1.159
-3.28179 38.5258 1.159
-3.26813 38.4136 1.159
-3.25363 38.3046 1.159
-3.19712 38.2346 1.13
-3.19269 38.2212 1.13
-3.14118 38.0878 1.13
-3.18576 37.9311 1.13
-3.17972 37.7128 1.112
-3.03013 37.4622 1.112
-2.91315 37.2997 1.112
-2.73509 37.174 1.099
-2.62452 36.9804 1.099
-2.572 36.7055 1.099
-2.44786 36.4248 1.099
-2.43133 36.1033 1.099
-2.41703 35.9182 1.099
-2.36168 35.8628 1.099
-2.28654 35.8765 1.099
-2.26465 35.8685 1.099
-2.20007 35.8127 1.099
-2.04966 35.7599 1.099
-1.89561 35.7697 1.099
-1.7082 35.7328 1.099
-1.52085 35.7679 1.099
-1.37495 35.7613 1.099
-1.29487 35.7666 1.093
-1.10938 35.712 1.093
-0.969764 35.5536 1.093
-0.884329 35.4466 1.093
-0.776237 35.5438 1.102
-0.641626 35.4853 1.102
-0.452145 35.5258 1.102
-0.376584 35.4457 1.102
-0.228471 35.3913 1.119
-0.0970969 35.3931 1.119
-0.110791 35.3828 1.119
-0.0319044 35.4985 1.119
-0.00855492 35.5521 1.144
-0.0154134 35.5853 1.144
0.0940268 35.6237 1.144
0.218207 35.5379 1.144
0.193866 35.4177 1.144
0.240062 35.4037 1.177
0.264416 35.4559 1.177
1.87483 21.5031 1.177
1.93966 21.5591 1.177
1.9276 21.5117 1.219
1.90917 21.4926 1.219
1.78394 21.5468 1.219
1.60339 21.6986 1.219
1.41827 21.8452 1.262
1.27411 21.9092 1.262
1.17096 21.7955 1.262
1.00268 21.899 1.262
0.926737 21.9812 1.262
0.713372 22.0036 1.262
0.664443 22.0309 1.262
0.544334 22.0886 1.262
0.430995 22.1009 1.262
0.434696 22.1474 1.376
0.329061 22.2579 1.376
0.192213 22.3593 1.376
0.114811 22.602 1.376
0.101435 22.832 1.376
-0.132367 22.8941 1.376
-0.16011 22.9968 1.376
-0.206704 23.1491 1.376
-0.195021 23.2256 1.376
-0.227647 23.2475 1.376
-0.217574 23.2139 1.376
-0.342404 23.0989 1.376
-0.285989 23.2793 1.376
-0.301768 23.3424 1.376
-0.326547 23.3764 1.376
-0.246258 23.3413 1.564
-0.18846 23.2697 1.564
-0.288366 23.2997 1.564
-0.247828 23.4886 1.564
-0.193681 23.4379 1.564
-0.0785597 23.4465 1.608
-0.0221206 23.4739 1.608
0.0322889 23.4565 1.608
0.03936 23.5489 1.608
0.125246 23.5733 1.651
0.173206 23.6039 1.651
0.131263 23.6583 1.651
0.228623 23.793 1.651
0.328321 23.9591 1.671
0.310557 23.9905 1.671
0.385429 24.0177 1.671
0.393917 24.2804 1.671
0.658869 24.5856 1.671
0.602186 24.838 1.676
0.806579 25.216 1.676
0.922329 25.3273 1.676
0.97396 25.3301 1.676
1.3118 25.7813 1.683
1.32611 25.9024 1.683
1.43632 26.338 1.683
1.66732 26.5437 1.683
1.75798 26.8272 1.683
1.72491 27.1844 1.669
1.7767 27.7096 1.669
1.73759 28.3348 1.669
1.85978 28.8943 1.669
2.0892 29.4309 1.641
2.35454 29.8787 1.641
2.73441 30.2052 1.641
3.05429 30.4779 1.641
3.29031 30.5885 1.641
3.69002 31.0722 1.641
4.03398 31.0364 1.641
4.3078 30.9676 1.641
4.66989 30.8145 1.641
4.8838 31.0509 1.572
5.02401 31.1607 1.572
5.31271 31.2147 1.572
5.46539 31.4835 1.572
5.63815 31.9811 1.545
5.77838 32.263 1.545
6.03708 32.3981 1.545
6.36711 32.8715 1.545
6.76393 33.0622 1.545
6.94314 33.3593 1.545
7.22118 33.6893 1.545
7.55226 33.8524 1.545
7.80472 33.8547 1.472
8.08034 33.9708 1.472
8.30757 33.7707 1.472
8.47034 33.4326 1.472
8.69279 33.4559 1.472
8.79954 33.2739 1.438
8.88605 33.3534 1.438
8.98103 33.3299 1.438
9.18558 33.3315 1.438
9.4292 33.3022 1.403
9.73878 33.5874 1.403
9.96756 33.6996 1.403
10.3463 34.058 1.403
10.741 34.3315 1.403
11.1326 34.4049 1.403
11.4147 34.5022 1.403
11.6632 34.4386 1.403
12.04 34.8205 1.403
12.3839 34.7479 1.338
12.7212 35.0248 1.338
13.0747 35.294 1.338
13.4355 35.5551 1.338
13.7968 35.6681 1.338
14.1558 35.668 1.303
14.5171 35.8385 1.303
14.8411 35.9016 1.303
15.1047 35.9585 1.303
15.5997 36.134 1.303
16.0099 36.1025 1.268
16.3214 36.2115 1.268
16.6661 36.3131 1.268
17.1234 36.6676 1.268
17.5215 36.817 1.268
17.7063 37.3782 1.268
18.3015 37.6505 1.268
18.8806 38.3679 1.268
18.9698 38.4531 1.197
19.1514 38.7574 1.197
19.2669 39.2061 1.197
19.4523 39.3654 1.197
19.6678 39.6643 1.197
19.8605 39.7495 1.159
19.9993 39.6673 1.159
20.1096 39.5148 1.159
20.2899 39.4527 1.159
20.3598 39.1171 1.124
20.4265 38.831 1.124
20.4481 38.6971 1.124
20.4714 38.3733 1.124
20.5423 38.2197 1.124
20.6861 37.7731 1.081
20.7791 37.3615 1.081
20.7944 36.8033 1.081
20.8077 36.3416 1.081
20.7302 35.58 1.043
20.6745 35.0575 1.043
20.4887 34.3521 1.043
20.4782 33.8214 1.043
20.3826 33.2724 0.998
20.2351 32.7936 0.998
20.0731 32.1396 0.998
20.0914 31.6837 0.957
20.1475 31.1866 0.957
20.2324 30.7502 0.957
20.2741 30.3706 0.957
20.3707 29.882 0.957
20.4271 29.4834 0.957
20.4085 28.9567 0.957
20.436 28.4987 0.957
20.4291 28.2589 0.87
20.4005 28.0284 0.87
20.4129 27.6979 0.87
20.4261 27.2895 0.87
20.4569 26.9582 0.87
20.4116 26.8048 0.827
20.4083 26.5506 0.827
20.4383 26.2746 0.827
20.4306 25.9803 0.827
20.417 25.6371 0.787
20.3891 25.4187 0.787
20.3841 25.1741 0.787
20.4015 24.8435 0.787
20.4314 24.5783 0.744
20.4849 24.3465 0.744
20.5388 24.1066 0.744
20.6105 23.8622 0.744
20.6644 23.6445 0.7
20.743 23.4559 0.7
20.7948 23.2614 0.7
20.8404 23.0315 0.7
20.868 22.8408 0.657
20.9173 22.6483 0.657
20.8979 22.4677 0.657
20.8891 22.2585 0.657
20.8883 22.2134 0.657
20.9034 22.121 0.607
20.9304 21.9926 0.607
20.9685 21.928 0.607
21.0181 21.8221 0.607
21.067 21.7376 0.565
21.0971 21.631 0.565
21.0766 21.5298 0.565
21.1081 21.4563 0.565
21.0978 21.2919 0.532
21.1382 21.2808 0.532
21.1191 21.2042 0.532
21.14 21.2102 0.532
21.1451 21.1624 0.532
21.2253 21.1283 0.488
21.2345 21.1214 0.488
21.2759 21.109 0.488
21.3083 21.1012 0.488
21.3801 21.0789 0.453
21.4227 21.0373 0.453
21.4743 21.0502 0.453
21.5452 21.0402 0.453
21.6059 21.0494 0.404
21.6547 21.0403 0.404
21.7346 21.0607 0.404
21.8035 21.0566 0.404
21.8845 21.0744 0.383
21.9672 21.0921 0.383
22.0536 21.0949 0.383
22.1455 21.1013 0.383
22.2465 21.1168 0.383
22.3422 21.1787 0.345
22.4651 21.2347 0.345
22.5979 21.3261 0.345
22.7958 21.403 0.345
22.9535 21.4597 0.309
23.1102 21.5054 0.309
23.2676 21.5463 0.309
23.4455 21.5748 0.309
23.6064 21.597 0.309
23.7647 21.6558 0.3
23.9705 21.7088 0.3
24.2093 21.7814 0.3
24.4736 21.8835 0.3
24.7813 21.9476 0.3
25.0583 22.0408 0.3
25.3499 22.1328 0.3
25.6589 22.2701 0.3
25.9925 22.4257 0.3
26.2926 22.5757 0.3
26.5802 22.7258 0.3
26.8688 22.8337 0.3
27.1829 22.8833 0.3
27.5596 23.043 0.3
27.9059 23.2748 0.3
28.2731 23.467 0.3
28.5595 23.5541 0.3
28.7423 23.4842 0.3
28.8044 23.5606 0.3
28.852 23.6655 0.3
28.8261 23.6071 0.3
28.9561 23.7754 0.3
28.9845 23.9627 0.3
29.1571 24.0511 0.3
28.9631 23.9243 0.3
29.1399 24.0164 0.3
29.2249 24.2131 0.3
29.2038 24.1673 0.3
29.1959 24.1131 0.3
29.2688 24.1648 0.3
29.1931 24.1603 0.3
29.2165 24.1629 0.3
29.1984 24.1 0.3
29.1132 24.0473 0.3
29.1074 24.0628 0.3
29.0625 24.0656 0.3
29.0541 24.0946 0.3
29.1392 24.1978 0.3
29.1323 24.1237 0.3
29.189 24.1917 0.3
29.15 24.179 0.3
29.1951 24.2543 0.3
29.0999 24.1439 0.3
29.2187 24.1842 0.3
29.0864 24.1023 0.3
29.1173 24.1916 0.3
29.0537 24.1574 0.3
29.088 24.0701 0.3
29.0908 24.0475 0.3
29.1286 24.0368 0.3
29.0478 24.049 0.3
29.039 24.0243 0.3
29.074 24.1299 0.3
29.0265 24.0551 0.3
29.0621 23.9992 0.3
29.0523 23.9571 0.3
29.0136 23.8889 0.3
29.033 23.9763 0.3
29.0379 24.0612 0.3
29.0948 24.1857 0.3
29.0683 24.1223 0.3
29.0267 24.0387 0.3
28.9676 23.9369 0.3
28.9802 23.9014 0.3
28.9784 23.8737 0.3
28.8948 23.8599 0.3
28.8309 23.7628 0.3
28.8284 23.587 0.3
28.8333 23.441 0.3
28.8584 23.4924 0.3
28.8586 23.4623 0.3
28.8508 23.4304 0.3
28.9109 23.3722 0.3
28.9875 23.2944 0.3
28.9554 23.2287 0.3
28.8883 23.2205 0.3
28.7834 23.1275 0.3
28.6442 23.0592 0.3
28.581 23.0243 0.3
28.6896 23.1348 0.3
28.8436 23.1301 0.3
28.855 23.1543 0.3
28.897 23.1202 0.3
28.9616 23.2358 0.3
28.9801 23.099 0.3
29.024 23.1214 0.3
29.0449 23.1391 0.3
28.995 23.1706 0.3
28.876 23.0588 0.3
28.9571 23.1513 0.3
28.9543 23.092 0.3
28.9268 23.0828 0.3
28.9343 23.2138 0.3
29.0189 23.2305 0.3
29.0857 23.3821 0.3
29.0656 23.2799 0.3
29.107 23.3276 0.3
29.1389 23.4008 0.3
29.1405 23.3765 0.3
29.1657 23.4091 0.3
29.1983 23.3724 0.3
29.2252 23.3315 0.3
29.2585 23.3868 0.3
29.2665 23.3343 0.3
29.207 23.2502 0.3
29.2132 23.3214 0.3
29.2488 23.3392 0.3
29.1425 23.107 0.3
29.1832 23.2245 0.3
29.1467 23.0927 0.3
29.1625 23.1553 0.3
29.1729 23.1712 0.3
29.2027 23.2303 0.3
29.2117 23.2562 0.3
29.1795 23.2542 0.3
29.1587 23.0907 0.3
29.1643 23.0433 0.3
29.0987 23.0546 0.3
29.0907 23.1429 0.3
29.0488 23.1896 0.3
29.0967 23.3196 0.3
28.9935 23.2832 0.3
29.0242 23.4228 0.3
29.0066 23.4308 0.3
29.0322 23.4884 0.3
28.975 23.5896 0.3
29.0589 23.6951 0.3
29.0613 23.72 0.3
29.1726 23.8179 0.3
29.1956 23.7359 0.3
29.288 23.829 0.3
29.2064 23.6524 0.3
29.222 23.7 0.3
29.1727 23.6128 0.3
29.1637 23.66 0.3
29.1219 23.7158 0.3
29.0878 23.7339 0.3
29.069 23.6896 0.3
28.9892 23.6712 0.3
29.0892 23.8943 0.3
29.1206 23.9672 0.3
29.1504 23.935 0.3
29.204 23.901 0.3
29.2132 23.8107 0.3
29.2432 23.7992 0.3
29.2845 23.8692 0.3
29.2398 23.7866 0.3
29.2681 23.7478 0.3
29.3154 23.7698 0.3
29.2984 23.7282 0.3
29.3602 23.801 0.3
29.3232 23.6696 0.3
29.3784 23.6996 0.3
29.4395 23.7883 0.3
29.4053 23.6343 0.3
29.3745 23.6347 0.3
29.3845 23.5595 0.3
29.3892 23.5283 0.3
29.3912 23.5966 0.3
29.4195 23.5913 0.3
29.3699 23.4339 0.3
29.4007 23.5569 0.3
29.2828 23.3666 0.3
29.2376 23.2506 0.3
29.2418 23.293 0.3
29.2635 23.3487 0.3
29.2673 23.2837 0.3
29.3241 23.3606 0.3
29.2996 23.3798 0.3
